This is X axis gyro data in Degrees per second

0.109611671
-0.000334492
-0.000274795
-0.000438344
-0.000482819
-0.000271825
-0.000364837
-0.000176103
-0.000287150
-0.000399051
-0.000238079
-0.000287225
0.000105781
-0.000328975
-0.000290572
-0.000259391
-0.000246160
-0.000064722
-0.000266836
-0.000107856
-0.000205511
-0.000340350
-0.000119926
-0.000132558
-0.000312414
-0.000190077
-0.000036304
-0.000363108
-0.000082326
-0.000013798
-0.000134664
0.000037024
-0.000021575
0.000088815
-0.000102309
0.008587778
-0.022028788
0.000591552
0.009998877
-0.019356253
0.029946682
-0.002038223
-0.006164618
0.001489524
-0.010675858
-0.004646618
-0.020703211
-0.008601970
-0.017175464
-0.002465829
-0.005715632
-0.009435801
0.015728792
0.004076538
0.007069778
0.017845441
-0.007297773
0.032939921
0.027381049
0.022356680
0.025627865
0.008416736
0.009656792
0.014510116
0.001104679
0.003349608
-0.014331887
-0.011830392
-0.024936506
-0.007062589
-0.030153296
-0.004796280
-0.011830392
-0.016042309
0.012970737
0.002956977
0.033664165
0.000204022
0.008585093
0.008841657
-0.008123704
-0.010304494
0.002123907
-0.000583324
-0.000120713
0.000216985
-0.000164455
-0.000161194
0.000135498
0.000004427
-0.000059203
0.000007131
-0.000010364
-0.000006682
-0.000028803
-0.000176952
0.000125455
-0.000002663
0.000039858
0.000082032
0.000019112
-0.000027027
-0.000005026
-0.000110576
-0.000003863
-0.000008241
-0.000116393
-0.000008685
0.000014874
-0.000090962
0.000140569
0.000139210
-0.000055155
0.000027448
-0.000013128
-0.000034164
0.000068778
-0.000121395
-0.000014852
0.000027207
-0.000017231
-0.000141772
-0.000079029
-0.000117153
-0.000304054
-0.000153079
-0.000086972
0.000083741
-0.000127782
-0.000065726
0.000037367
0.000057937
-0.000007315
-0.000192979
0.000044663
-0.000162845
-0.000014637
-0.000097954
0.000029531
-0.000010496
0.000139974
-0.000055819
-0.000056573
0.000089552
-0.000040648
-0.000146223
0.000021829
-0.000086808
-0.000083199
-0.000017760
0.000191564
-0.000000828
-0.000022485
0.000104031
-0.000045841
-0.000063494
0.000063360
0.000020973
0.000107161
0.000104292
-0.000131408
-0.000061507
-0.000120802
-0.000012906
-0.000011212
0.000027553
0.000048957
0.000027958
-0.000118797
0.000094176
0.000090561
-0.000015842
-0.000077766
0.000131718
-0.000017743
-0.000037501
0.000154618
-0.000016676
0.000173346
0.000106576
0.000083421
-0.000024059
-0.000085247
-0.000126523
-0.000061027
0.000025412
-0.000127570
0.000130311
-0.000018038
-0.000141179
-0.000180414
-0.000093338
-0.000074690
-0.000139649
0.000054738
-0.000094805
0.000037416
-0.000068472
-0.000086139
-0.000063286
0.000103133
-0.000048067
-0.000004355
-0.000064387
-0.000037366
0.000158586
-0.000011102
-0.000136654
-0.000135472
0.000035190
0.000095095
0.000052542
0.000070970
-0.000040108
0.000064871
-0.000019626
-0.000061760
-0.000019800
-0.000036696
0.000089860
-0.000056484
-0.000032316
0.000091197
-0.000121444
0.000066759
-0.000020994
0.000037133
0.000036694
-0.000004365
0.000014789
-0.000090372
-0.000065913
0.000081693
0.000120062
0.000097617
0.000177891
0.000130880
-0.000043387
0.000001147
0.000167168
-0.000004365
0.000058567
0.000057052
0.000119760
-0.000009171
-0.000024815
-0.000129836
0.000019837
0.000041192
-0.000129832
0.000126718
-0.000044330
-0.000108463
-0.000108454
0.000041236
-0.000172548
-0.000087015
0.000105407
0.000062639
0.000084022
0.000041251
0.000126763
0.000062601
-0.000022920
-0.000065687
0.000169489
-0.000044317
0.000062583
0.000126690
-0.000065746
-0.000065755
-0.000172643
-0.000151259
0.000041159
0.000083907
-0.000044367
0.000019764
-0.000023014
0.000062486
0.000083861
-0.000001665
-0.000087204
0.000190735
-0.000023062
-0.000023034
0.000148008
-0.000129933
-0.000044379
-0.000129871
-0.000129864
0.000019802
0.000019812
-0.000193983
-0.000172602
0.000190834
-0.000022974
-0.000022961
0.000126694
-0.000108499
-0.000001585
-0.000129864
-0.000108458
-0.000151214
-0.000065684
0.000019861
-0.000065664
-0.000087045
0.000041246
0.000105373
-0.000001547
0.000105339
0.000019798
-0.000065728
-0.000022956
-0.000087081
-0.000129824
-0.000087055
0.000169517
-0.000151162
-0.000044273
-0.000044269
-0.000236668
0.000084030
0.000019891
0.000126782
0.000148148
0.000019838
-0.000087050
-0.000172565
-0.000087051
-0.000065667
-0.000129802
-0.000001532
-0.000920729
0.000212460
-0.002352852
0.000726031
-0.000193359
-0.000000949
0.000041805
0.000127327
0.000127305
0.000084543
0.000041765
0.000319678
0.000041732
-0.000001029
0.000276802
-0.002673362
-0.000235779
0.000234585
0.002586298
-0.000278879
-0.000065101
0.000041818
-0.000043710
0.000127311
0.000105924
0.000041767
-0.000086514
0.000063123
0.000020357
0.000148614
0.000041708
0.000020310
-0.000129332
0.000041716
0.000020348
0.000041713
-0.000065176
0.000255522
0.000234092
0.000084405
0.000041627
0.000127138
0.000127113
-0.000022556
-0.000086693
-0.000001172
-0.036625605
0.023495754
0.003055944
-0.005026160
-0.024482219
0.002756263
-0.010029147
0.005386038
0.005556613
0.020608332
-0.006587387
0.009169881
0.031063290
-0.002097352
0.001708338
-0.010585324
-0.003658113
-0.045435035
0.024115030
-0.037823654
0.008742607
-0.047744104
0.008828128
-0.018987622
-0.050160077
0.015391874
0.002029197
-0.000557817
-0.007868823
0.000598350
0.000940501
-0.000705896
0.000576930
-0.002095455
-0.000107000
0.000363316
0.001560360
0.002629198
-0.001048448
0.000319785
0.010432636
-0.002160351
-0.015074042
-0.022108156
-0.025550382
0.016098411
-0.005046690
0.038504949
0.030872187
0.086525061
0.048019173
-0.004469422
0.006862128
0.000041815
-0.001005857
0.015521160
-0.000556813
0.000362548
0.000640492
0.024137422
-0.025443456
-0.000236082
-0.000065038
0.001923167
-0.000642580
-0.000514299
0.000405056
0.012420775
-0.009087790
-0.001198466
0.009149671
0.007439248
-0.000172140
0.001303064
0.002628351
0.001665867
0.000489777
0.000297260
0.000297156
0.000553660
0.000382556
0.000382447
0.000318279
0.007758587
-0.002439603
-0.003358961
0.001408724
0.000532069
0.000425060
0.000339430
0.000360719
0.000360625
0.000253622
0.000274918
0.000467232
0.000296102
0.000296025
0.000338707
0.000381391
0.001129663
0.000252995
0.000445316
0.000423832
0.000338226
0.000466406
0.000573200
0.000337920
0.000530259
0.000423259
0.000294878
0.000380323
0.000444354
0.000401490
0.000380021
0.000337183
0.000422605
0.000315635
0.000443819
0.000379584
0.000358117
0.000443557
0.000443441
0.000528854
0.000421847
0.000443122
0.000635506
0.000357493
0.002153402
0.000421563
0.000207672
0.000314475
0.000207499
0.000592225
0.000356960
0.000207204
0.000356773
0.000399441
0.000420712
0.000399254
0.000399156
0.000377682
0.000398956
0.000120922
0.000377415
0.000398710
0.000377236
0.000227472
0.000398424
0.000312807
0.000312711
0.000440905
0.000205647
0.000291091
0.000355162
0.000440572
0.000376340
0.000440374
0.000055477
0.000333354
0.000290527
0.000290443
0.000076565
-0.000137237
-0.001163491
0.000782115
0.001081328
-0.001291884
0.000354369
0.000397096
0.000461140
0.000354146
0.004416352
0.005143282
-0.001206561
-0.001078280
0.000396867
0.000247150
0.000247087
0.000396665
0.000289678
0.000375139
0.000439169
0.000332180
0.000460367
0.000267872
0.000374677
0.000438721
0.000331735
0.000353012
0.000352926
0.000245945
0.000310015
0.000309942
0.000267100
0.000331171
0.000352451
0.000309602
0.000330897
0.000223935
0.000330739
0.000309275
0.000351947
0.000202231
0.000437321
0.000202057
0.000394420
0.000223308
0.000266031
0.000265962
0.000180383
0.000244451
0.000436780
0.000201519
0.000137318
0.000372388
0.000350913
0.000372214
0.000500413
0.000265151
0.000286466
0.000350517
0.000307669
0.000264830
0.000478541
0.000264662
0.000243226
0.000179008
0.000157572
0.000328534
0.000520856
0.000285615
0.000563464
0.000285459
0.000349520
0.000392175
0.000114177
0.000178271
0.000220971
0.000349188
0.000391882
0.000242168
0.000263496
0.000220680
0.000327488
0.000327404
0.000370098
0.000134866
0.000369965
0.000305776
0.000433984
0.000369766
0.000220038
0.000219954
0.000198531
0.000219892
0.000454993
0.000412148
0.000390680
0.000176790
0.000240879
0.000411831
0.000304875
0.000475820
0.000347455
0.000261828
0.000325876
0.000389922
0.000325721
0.000325642
0.000517938
0.000175764
0.000132961
0.000496333
0.000282423
0.000218236
0.000239543
0.000218101
0.000153882
0.000260707
0.000153732
0.000239181
0.000303238
0.000303161
0.000260324
0.000409906
0.000260186
0.000260097
0.000324190
0.000153099
0.000388212
0.000366774
0.000131538
0.000259798
0.000281109
0.000302404
0.000323691
0.000430567
0.000387719
0.000216631
0.000237941
0.000473044
0.000387510
0.000344702
0.000344624
0.000558353
0.000301721
0.000515421
0.000536709
0.000215945
0.000515196
0.000472351
0.000429496
0.000151478
0.000087296
0.000151397
0.000172726
0.000258177
0.000300865
0.000279396
0.000428976
0.000044067
0.000471595
0.000321859
0.000279048
0.000321727
0.000278902
0.000278815
0.000000871
0.000086324
0.000257292
0.000385507
0.000193031
0.000192986
0.000299797
0.000214201
0.000256889
0.000256835
0.000342286
-0.000128133
0.000320807
0.000128313
0.000342029
0.000363325
0.000341869
0.000320405
0.000512749
0.000363018
0.000106399
0.000127713
0.000042151
0.000512460
0.000362739
0.000084750
0.000212994
0.000148800
0.000063249
0.000255628
0.000084527
-0.000001041
0.000255472
0.000148559
0.000105746
0.000405016
-0.000065382
0.000105617
0.000212474
0.000041395
0.000126905
0.000062750
0.000255130
0.000169563
0.000361965
0.000062636
0.000426065
0.000062545
0.000019738
0.000297623
0.000190686
0.000040967
-0.000001847
0.000040859
0.000147725
0.000083552
0.000254532
0.000425489
0.000297128
0.000254294
0.000339748
0.000232768
0.000403737
0.000360916
0.000232554
0.000403572
0.000104170
0.000382051
0.000146777
0.000210832
0.000125296
0.000189389
0.000061086
0.000167926
0.000338915
0.000146434
0.000103631
0.000317376
0.000274516
0.000253066
0.000188858
0.000274335
0.000423902
0.000145917
0.000124494
0.000038970
0.000402364
0.000380923
0.000167040
0.000145595
0.000188317
0.000273815
0.000573055
0.000124018
0.000252252
0.000273608
0.000230809
0.000273508
0.000209309
0.000080982
0.000123708
0.000251960
0.000080896
0.000230476
0.000508353
0.000251715
0.000123354
0.000208840
0.000101904
-0.000047754
0.000187392
0.000358367
0.000379691
0.000294085
0.000251254
0.000336775
0.000144310
0.000358046
0.000037288
0.000165531
0.000336524
0.000421999
0.000550191
0.000143933
0.000400461
0.000379021
0.000122396
0.000272046
0.000036831
0.000058159
0.000336064
-0.000112969
0.000357317
0.000079342
0.000335855
0.000143421
0.000164725
0.000549524
0.000079104
0.000314235
0.000121802
0.000335560
0.000399607
0.000057450
0.000228440
0.000078728
-0.000199240
0.000185590
0.000100011
0.000121337
0.000313709
0.000377806
0.000142596
0.000163915
-0.000071313
0.000099706
0.000334846
0.000227930
0.000591339
0.000762215
0.000612491
0.001360801
0.001446322
0.000612491
0.000013842
0.000697898
0.000441246
0.000654994
0.000334261
0.000205958
0.001296317
0.001531391
0.001082405
0.002258321
0.001894856
0.003028011
0.001531391
0.001381729
-0.001162427
0.000205993
0.000654979
-0.001312019
-0.005224611
-0.000478188
-0.003257625
-0.004070076
-0.003642470
-0.000969935
-0.002081710
-0.000820273
0.001788122
-0.000157484
0.001424657
-0.001247905
0.001338997
0.000590623
-0.001761131
0.001681094
0.004289489
-0.000414173
0.001659714
0.003156334
-0.000114850
-0.000350033
-0.000114850
0.002600446
0.000483799
-0.001868033
-0.000542437
-0.002188718
0.001167986
0.002493564
0.002258381
-0.006015408
-0.000199970
0.002429804
-0.001376173
0.001916670
0.000398670
-0.002209725
0.001510444
-0.001033809
0.001317911
0.000398525
-0.001910385
0.003392153
-0.001568073
-0.000605909
0.000655527
0.001040373
-0.001525262
0.000783743
-0.000605975
0.001040277
0.001040277
0.000142286
-0.002466108
-0.000905272
-0.002358921
0.000484842
-0.002593919
0.001340054
-0.001802848
-0.001482144
-0.002786341
0.001617861
0.000741270
-0.001182857
-0.000242104
0.000719902
-0.000306341
-0.000755327
-0.001054651
-0.000327572
0.000805583
0.000506259
0.001040729
-0.000370632
-0.000007168
0.000505959
-0.000285083
-0.000199545
-0.000520184
-0.002102119
0.001788942
0.000292287
0.000142579
0.000099697
-0.000605820
0.001361166
0.000206538
-0.000285195
0.000249385
0.000356375
0.000762436
0.000997547
0.000527094
0.000398759
0.000377328
0.000035210
0.000334526
0.000313078
0.000163367
0.001082626
0.000376879
0.001338848
0.001317467
0.001125045
0.000697439
-0.004262787
0.002087158
0.001060904
-0.002723978
-0.001783245
-0.002339132
-0.001291499
0.001316896
-0.001847477
0.001829932
0.002150622
0.003989072
0.002791776
0.003839410
-0.001591182
0.003924931
0.000418565
-0.001227614
0.000931795
-0.001740907
-0.001334569
0.003561630
0.000803531
-0.000522002
0.002663436
0.000033468
0.000525214
-0.000073442
0.000610639
-0.000137715
0.000204404
0.000011979
-0.000116365
0.000546367
0.000225651
0.000225650
0.000140058
0.000161425
-0.000009658
0.000482030
-0.000052475
0.000396476
0.000439146
0.031077076
0.000417749
-0.000095378
-0.002383068
0.002962002
-0.001463716
-0.000073998
-0.001399575
-0.003345181
-0.001078636
-0.002703664
-0.001035915
0.000503465
-0.002789098
0.002855329
0.000204228
0.002192594
0.000161417
-0.001698488
-0.000650875
0.000418128
0.000503721
-0.000137724
0.000033244
0.001337385
0.001871988
0.001059578
0.001508515
-0.001035652
-0.001484819
-0.001720202
-0.001292395
-0.000992868
-0.000778946
-0.001719900
0.000247087
0.002085927
0.000995564
0.002535096
0.001017118
-0.001014115
-0.003558369
-0.000030619
0.001123963
-0.000864403
0.003069569
-0.000607839
-0.007599192
-0.013093925
0.000610837
-0.002852769
-0.002703107
0.000482555
0.004544632
0.001551392
0.001807955
0.000076152
0.003240434
-0.003259172
0.000375476
0.000503716
0.000097528
0.000418232
0.002128655
0.000075958
-0.000137871
0.000909763
0.006618299
-0.004713251
0.008734947
-0.008412040
-0.001784152
0.001209087
0.008435623
-0.001014462
-0.006359533
0.002427763
-0.003024209
0.000674580
-0.003665254
0.001316352
-0.002232775
0.006319339
-0.000864364
0.000632256
0.000397040
0.002770251
0.000995604
0.001722452
0.001786442
0.000973991
-0.000180496
0.001572530
-0.001655893
0.001315966
-0.012816401
0.005677544
0.008884587
0.001508262
-0.000929090
-0.001271068
0.000781439
-0.005376083
0.008863187
-0.002147660
-0.000522758
0.001572377
0.002705305
-0.001185906
-0.002169400
-0.004093625
0.000652798
0.000909361
0.002961868
0.002534263
-0.002425885
0.000161129
0.001358366
0.000545915
0.006575155
0.000460355
-0.000694328
0.000716680
-0.000288169
0.002640846
0.000844903
-0.002661517
-0.001207658
0.000353103
-0.000245524
0.000930313
-0.000437988
-0.006210665
0.001015871
-0.000459740
0.000673358
-0.000074952
0.003581077
0.003025189
0.003303133
-0.001315008
0.001036872
-0.004393720
-0.001400480
0.000224422
-0.000609409
0.001336197
0.000673408
-0.002533422
-0.000972580
0.001272350
-0.000395279
0.000032380
0.001464996
-0.001870171
0.000331970
-0.000138235
-0.000779796
-0.000950838
-0.002105373
-0.001656387
-0.002212275
0.001251331
0.002790477
0.000609688
0.005826478
-0.000587607
0.001978027
-0.001464128
-0.004051142
0.000481478
-0.000801299
0.002790589
-0.000010228
0.001657435
-0.000715717
0.000396058
0.000203635
-0.002020130
0.001421799
0.000331404
0.000694869
0.010722222
0.002597714
-0.001079604
0.004607552
0.010914736
0.001122565
0.000844622
-0.007322698
0.006403445
0.004864064
0.006146881
-0.004393599
-0.004778265
-0.001442941
0.001635820
-0.001015335
0.008156807
-0.003409927
-0.002319532
0.003389003
-0.003645110
0.004265595
0.004714581
0.000117820
-0.000566349
0.002769414
-0.001014896
0.000353732
-0.000587000
-0.000052518
0.000674356
-0.003836885
0.003133088
0.005313877
0.002064074
-0.001527814
-0.002040941
0.004415905
0.003325511
0.002342018
0.004458666
0.002064074
0.007238103
0.004757990
-0.002425785
-0.003473420
0.002662722
0.002897905
-0.002832011
0.000995060
0.001978553
0.005035933
0.001550947
0.002962046
-0.007599814
0.003304131
0.000075701
0.005570434
0.001657842
-0.004863144
0.002106828
-0.000266383
-0.004264496
0.002213761
-0.005953507
-0.000929141
-0.000180831
0.003133113
0.000481958
0.000738521
0.001208888
0.004565592
-0.002105056
0.001037845
0.003282775
-0.000608436
-0.001313986
-0.002489902
0.001486831
-0.002789225
0.002470324
-0.002340239
0.002705490
-0.001762989
-0.005825243
0.000097096
0.003475180
0.003560702
0.002726871
0.001978561
0.000845406
0.004180730
-0.004136200
-0.002297752
0.008862756
0.001037572
-0.011063669
-0.001677724
0.007173713
0.007323833
-0.005525718
0.002556029
-0.001912450
-0.000672393
0.003069156
-0.003601492
0.004672678
-0.002425577
0.003774965
-0.000628909
0.001616126
0.000461590
-0.001163311
0.001145759
-0.000244041
-0.007812662
-0.004006971
-0.000842960
0.002385396
-0.001398847
-0.000971248
-0.001527135
-0.000051896
-0.000137417
-0.002638910
-0.001206517
0.000546667
-0.002916939
0.001466019
0.001252111
-0.001142488
0.000354392
-0.002403707
-0.000907115
-0.000030524
0.003817927
-0.002874101
-0.003280327
-0.000030524
-0.000992636
0.003390322
-0.000736073
0.002128885
-0.002916862
-0.003237566
0.002150265
-0.000436675
-0.001013942
0.000782001
0.001124086
0.001658593
0.003689720
-0.005268619
-0.002360900
0.004630453
-0.007043182
0.001273737
-0.002724303
0.002171872
-0.003280100
-0.000735928
0.001337838
0.000953054
0.000247471
0.001829091
-0.001613134
0.006019711
0.002769907
-0.003900801
0.000289734
-0.005782267
0.003582298
0.000225593
0.001936016
-0.000437196
-0.001655872
0.000161439
0.001764960
0.000610425
0.003539524
0.000225561
0.000011758
0.003453983
0.002555865
0.001486565
-0.003238477
0.000374790
0.000417551
-0.000266889
0.000203478
0.003367689
0.000117876
-0.001742209
-0.000159948
0.000374235
-0.000844423
-0.002640367
-0.012111832
-0.004158367
-0.000074733
0.000972901
-0.003923184
-0.003196254
-0.008797889
0.000459774
0.004137183
-0.006039920
-0.000823132
0.004735742
0.035673013
-0.000352765
-0.001656963
-0.000630709
0.018077039
-0.000459667
-0.002747357
-0.009289724
0.008755235
-0.000630709
-0.006253724
-0.000609278
-0.001357743
-0.000630813
0.004436449
0.001742534
-0.005398481
0.002875982
-0.004329173
-0.000780046
-0.001977342
-0.000095877
-0.002618751
-0.000224159
0.001571653
-0.001806432
-0.005034855
0.003795202
0.000951625
0.003388977
-0.000117380
0.004522142
0.001379240
-0.007686371
-0.002512342
-0.002640624
0.022716393
-0.002662005
-0.003731019
-0.003966202
-0.004714511
-0.002384061
-0.001186765
-0.001229526
-0.000416745
0.001635762
0.003260664
0.022139454
-0.003752070
0.000053621
0.002041988
0.002768917
0.002448297
0.003046689
0.003495675
-0.003623959
0.003474295
0.000310013
0.001229365
0.001785103
-0.007045171
0.002469055
0.002148351
-0.000866269
0.007386521
-0.008434890
0.004243619
-0.004286943
0.001164880
0.001635246
-0.002576670
0.004500552
-0.007386886
0.000502438
0.000737559
-0.006446230
-0.000673553
0.001036870
0.000545123
-0.003196426
0.008904814
-0.006275187
-0.001999130
0.001058470
0.004051710
0.000074977
-0.002918262
-0.000566431
0.000759146
-0.004329515
0.001272120
0.003495656
-0.000460245
-0.005505856
0.005676033
0.001528258
-0.001293940
-0.002149276
-0.002192059
0.000993887
-0.003517352
-0.001122761
0.007514874
0.000908366
-0.000224482
-0.006788228
0.008840759
0.001592542
-0.003773910
-0.001678642
-0.002598681
-0.005527780
-0.002919385
-0.002491780
0.000971405
-0.004266764
0.003195195
-0.006233510
0.000437138
-0.000845998
0.000778904
-0.002791603
0.001890678
0.002104481
0.002275524
0.001227945
-0.003646719
-0.000247254
0.003130567
0.003943018
-0.001124109
0.000757356
0.001356004
-0.001808919
-0.003241260
0.000329247
0.007769585
0.002616937
0.000200965
0.000051303
0.006272966
-0.000076979
-0.000782528
0.001441229
0.000607347
0.000564586
-0.001145836
0.002210868
-0.007752344
0.002766756
0.006914531
0.003579206
-0.002086729
0.000927891
-0.006747517
-0.000162390
-0.002535444
0.002446150
0.002852376
0.001483616
0.006850068
-0.002493117
-0.000996496
0.005545870
-0.006256046
-0.000590222
-0.001744757
-0.000633790
0.002594632
0.001867873
0.001354549
-0.000869001
0.001119366
-0.002387001
-0.003092550
0.006977564
0.003000831
0.001718014
-0.002408381
0.004027084
-0.004589170
-0.003819480
0.003620859
0.000371056
-0.000591127
-0.000334536
0.000542262
-0.003370330
-0.007261542
-0.000505330
-0.000206006
0.006294270
-0.002834873
0.002873712
0.003472360
0.000949487
0.001847459
-0.006597601
0.004776709
0.000906878
-0.002706389
0.008732062
-0.000397014
0.004969634
-0.001786536
-0.001529830
0.001121577
-0.000353633
-0.003496534
0.004029325
-0.005100055
-0.001743351
0.008070344
0.001271414
-0.000952136
-0.004137798
-0.004565404
0.002126625
0.002276363
-0.001892633
0.001592253
0.001720236
0.002297475
-0.001957201
-0.004779325
-0.003197185
-0.001144678
0.000587125
-0.001614908
0.001891458
0.002233543
0.005034360
0.003751543
0.004414331
-0.001165889
0.005889527
0.002875096
0.005419350
0.001378476
-0.000310566
-0.005548736
0.002661255
-0.003132802
-0.003261084
-0.004907366
-0.001807224
-0.002597952
-0.001892244
0.001721024
-0.001486422
0.003965550
0.000352208
-0.002298948
0.000266687
0.002511563
-0.001999677
-0.003132832
-0.005698466
0.004393029
0.000288014
0.002746223
-0.000097419
-0.001444376
-0.002021474
-0.002192516
-0.000567615
-0.003325671
-0.003710517
-0.005121616
-0.000204150
0.000843413
0.000543853
-0.002256965
-0.003518401
0.000308670
-0.002812962
-0.003176427
-0.000247307
0.001762291
0.001035332
0.002874037
0.000842910
-0.000803372
0.001356036
0.000265642
0.001142287
-0.002278565
-0.003518621
-0.001936480
0.000629154
0.001013999
-0.002535128
-0.002342706
-0.005549748
-0.000675456
0.002018711
0.006914795
-0.002492568
0.002553179
0.008069292
0.001676588
-0.002385466
0.000393971
-0.003582762
-0.002000621
-0.002385466
-0.001081268
-0.002834452
-0.004502114
0.004221042
0.000949858
0.001013999
-0.004245551
0.004605887
0.002510619
-0.006362198
0.005696281
-0.000183302
-0.003283443
0.005268670
0.000158783
0.000800020
-0.004160206
0.005118837
-0.001081864
-0.006427093
-0.003155645
0.003750186
-0.004331561
-0.002663899
-0.006170265
0.006422722
-0.000333448
0.000842610
-0.000012601
-0.000012600
-0.004801783
-0.003711389
0.000051537
-0.000076514
0.003258810
-0.000888965
0.000800010
-0.001530441
-0.001808232
0.001570152
0.002425159
-0.002107284
0.002232726
-0.000161866
0.002339358
-0.001658755
-0.001188289
-0.000953110
0.001291820
-0.002342828
-0.002535306
0.000735877
0.000500694
0.001142253
0.003323042
-0.001358957
-0.001829587
0.003814783
0.001975913
-0.000354538
-0.000076594
-0.002599249
-0.000354319
0.001997344
-0.000696283
-0.002877072
-0.000418210
-0.002150035
0.003408838
0.000201796
-0.000118826
-0.002791361
0.000180498
0.000437061
0.002104724
-0.002171333
0.001655738
0.002681991
0.002960132
-0.000973840
-0.002513221
0.000929008
-0.003325669
0.001720078
-0.001444204
0.001634557
0.002618050
-0.001016512
-0.000695808
0.002831990
-0.000973700
-0.003004897
0.003195386
0.003644372
-0.003624925
0.005739344
0.000308752
0.001612949
0.000095121
0.000736518
-0.000161453
-0.000866930
-0.000482085
-0.001230395
-0.002192508
0.003451887
-0.000952451
-0.001144954
-0.004629939
0.007599583
-0.001294616
-0.001829123
-0.001786075
-0.000268075
0.003537615
-0.000139794
-0.001123287
-0.005079361
-0.002813424
-0.000696890
-0.001103115
-0.001637622
-0.001809080
0.007149258
0.001355202
-0.001253359
0.003685303
0.000114897
-0.000911582
0.003278953
-0.006021470
0.001803714
-0.001104005
-0.001809554
-0.007582231
0.003129291
-0.002750286
-0.000184935
-0.002900231
-0.002579518
-0.001788447
-0.000099405
-0.000484250
0.002209666
-0.000933236
-0.002493997
-0.003028504
0.003941337
-0.003071113
0.004497375
0.000606164
0.003043516
0.004005629
-0.007112118
-0.005978964
0.002402108
0.000264079
-0.004247161
-0.000313188
-0.004183020
-0.002066198
0.000178717
-0.000484031
0.001889180
-0.000141947
-0.000676454
-0.001446144
-0.000719214
-0.000184707
0.001311913
-0.001467524
0.002765772
-0.005380116
0.004732868
0.000499572
-0.001574316
0.001269262
-0.004738597
-0.004396514
0.010420023
-0.001446034
0.000884417
-0.001980541
-0.002878513
0.001910670
0.002723121
0.007127460
0.001718248
-0.004952401
0.002680361
-0.005444147
0.000157487
-0.003904767
-0.000526682
0.001205121
-0.004054429
0.004112840
0.007384024
0.000478191
-0.004909640
0.001461562
0.001653984
-0.014509511
0.001867787
0.005994182
-0.005358749
-0.004439397
0.000392547
-0.004781481
-0.000783368
-0.002707593
0.000584970
0.004048576
-0.003819368
-0.000612326
-0.004760101
0.003321646
-0.001895143
0.003171984
-0.002108687
0.000072101
0.002274271
-0.002557459
-0.001702247
0.008709951
0.004006288
0.007769218
-0.007090079
-0.003883036
-0.006641093
-0.001018078
-0.001146014
-0.005037225
-0.005828296
-0.002535732
-0.002086790
-0.002536269
0.002637759
0.008666999
-0.002985255
0.000649339
-0.000569337
-0.002450597
-0.004438963
-0.003968596
0.002231685
0.002979996
-0.003947216
-0.008736400
0.003001376
0.003835207
0.004198319
0.005737699
-0.000847428
0.009992376
-0.006342161
-0.002664752
0.003813474
-0.003306161
-0.001574358
0.000050544
-0.008031203
-0.004909682
0.001803727
0.004241079
-0.019640699
-0.005401428
0.015166404
-0.005315907
0.009693052
-0.005508330
-0.010746499
0.014674658
-0.019042050
0.006379108
0.001376121
0.003621051
-0.001210893
0.006186413
0.005694666
-0.001275077
0.001547120
-0.011174148
-0.007197416
-0.001638542
-0.000206063
0.001076617
-0.000313101
-0.002173186
-0.002023524
0.004283659
0.014995181
0.004582983
0.003962955
0.007490702
0.012686111
0.001482842
0.002958082
0.001076617
0.001482842
-0.002194566
0.001097905
-0.003627270
-0.001724424
0.001012252
0.007148394
0.000691583
-0.000633995
0.001375688
0.001760691
-0.001852577
-0.002622268
-0.002216042
-0.000462795
-0.003648388
0.000499387
-0.003135261
-0.000676529
0.000905612
0.000136175
-0.001788292
0.010975737
-0.000740596
-0.001189582
0.001418813
-0.002194455
0.002380900
-0.000462678
0.000499435
0.001247745
0.000991181
-0.000526819
-0.003370397
-0.018400736
-0.004011805
-0.005786369
-0.000933045
-0.001018565
0.000114590
-0.000355777
0.000264251
-0.001039946
0.003000808
0.001119249
0.008901672
0.001332810
-0.000441754
-0.003413613
0.001332810
0.000990725
-0.000185196
-0.000313452
-0.000548638
0.001161785
-0.000911945
0.000734200
-0.000997445
-0.000911848
-0.004225791
0.000755850
0.000948448
0.002038842
0.000135997
0.000029056
0.000306973
0.000520733
0.004134000
0.002744127
-0.001852478
-0.001360732
0.002573240
0.001012394
-0.001617245
0.001440146
-0.000077770
0.000200115
0.000093133
-0.000099272
0.000926903
-0.000313158
0.000178589
-0.000462820
0.004711218
0.001247613
0.001055190
-0.005807393
-0.007838520
-0.004032829
-0.004182491
-0.003177618
-0.002664491
0.001547295
0.002145943
0.004455013
0.005096422
-0.002579100
0.003172196
0.001376253
0.001590055
0.002017661
0.001397633
-0.000612062
0.000007966
0.000585233
0.015081065
0.002210135
-0.000334119
-0.002707330
0.002210135
-0.000932767
-0.002386626
-0.004588795
-0.000975527
0.005780642
0.001333543
0.000328670
0.000392811
0.003706755
0.000863105
-0.001852036
-0.003155656
0.000244135
-0.001872513
-0.002898767
-0.002620823
-0.000760575
0.001014137
0.003301828
-0.002684652
-0.001530117
-0.002000489
0.000201680
0.001099652
0.001185074
-0.000632163
-0.000311459
0.002190034
0.003879077
0.007257162
0.002767302
-0.004309572
-0.000760445
0.001783809
0.001612767
0.000864457
0.003152147
-0.001936360
0.000458231
0.003109386
0.012751895
0.005803302
-0.003518501
-0.003988868
-0.000910107
-0.001957741
-0.000717684
0.000372710
-0.000311512
0.002168622
-0.002192969
-0.003817871
0.000821651
-0.000696349
0.000158849
-0.001936393
-0.000482534
-0.001273510
0.000800377
-0.000076014
0.001420661
0.004371048
-0.000353995
-0.000674699
-0.000824209
-0.000546220
0.002062175
0.001506288
0.001762851
0.001570428
0.001869595
-0.000824509
0.001570083
-0.002898399
-0.001123835
-0.000653469
-0.000375493
0.000094873
0.000094873
0.001933578
-0.000931380
0.001249383
0.004605982
-0.000054903
-0.002684678
-0.004566143
-0.000482509
-0.002043270
0.001078390
0.001014247
-0.001102401
0.000030752
0.002917090
0.000928892
0.000372973
0.000650917
-0.000845703
0.002147356
0.001441686
-0.002192963
-0.000397019
-0.001230850
-0.002235723
0.000800277
0.001933424
0.000372663
0.001334664
0.001976023
0.001056671
-0.001124101
-0.003176582
-0.001551550
-0.000033550
0.001997577
-0.002086057
0.001762417
0.000308404
-0.000482667
0.000543687
0.000458127
-0.001979225
-0.000781929
-0.000974352
0.000158803
0.005995634
-0.004651747
-0.001188141
-0.002064802
-0.002086001
-0.000546615
-0.001187924
-0.000845943
-0.002706092
-0.015213559
0.004905289
-0.001957746
0.002767296
0.000030618
-0.000696254
-0.000632036
0.000415598
0.000201944
-0.000631759
0.001078761
0.004563569
0.000351623
0.000394332
0.000437039
0.000009440
0.000094982
0.000094970
0.000159109
0.000137726
-0.000011897
0.000137778
-0.000076019
0.000116419
0.000073689
-0.000225611
-0.000118707
-0.000311099
-0.000054520
-0.000097276
0.000073751
0.000095140
-0.000140069
-0.000161423
-0.000097280
-0.000011750
0.000095170
-0.000097235
-0.000011727
0.000180699
-0.000225502
0.000095194
0.000116590
0.000180723
-0.000161340
0.000287627
0.000223542
-0.000310937
0.000031128
0.000009784
-0.000011595
-0.000182622
-0.000139858
-0.000139798
0.000266389
0.000074001
-0.000118447
-0.000246697
-0.000332152
0.000245074
0.000095456
-0.000332158
0.000074087
-0.000267995
-0.000267955
-0.000075514
0.000138260
-0.000139633
0.000181053
-0.000075479
-0.000011323
-0.000289257
-0.000139542
-0.000118182
0.000736949
-0.036250997
-0.000182442
-0.000930777
0.002639884
-0.002683806
-0.000738201
-0.000845102
-0.002940370
0.004050983
0.003965462
-0.008884089
0.005077237
0.002725405
0.000245292
0.000330786
0.001185942
0.000972065
-0.001657745
0.000480237
0.000651224
-0.000203970
0.000116724
-0.001422656
-0.000546065
-0.001550807
0.000501664
0.000138128
0.000608543
0.001292635
-0.000417792
-0.000225306
0.000693993
-0.000182599
0.001121598
0.001549204
-0.000481948
-0.000118411
0.000950553
0.000480186
0.000351905
0.001271257
-0.000182602
0.000437426
-0.002106828
-0.000118462
-0.000994969
-0.000161152
-0.002149337
-0.000460018
0.000886940
0.001229029
0.000331153
0.000160146
-0.001486136
-0.000438380
-0.000587993
0.001293520
-0.000609326
-0.000138950
0.001229268
0.000202913
-0.000310150
0.000288537
0.000331297
0.000651976
0.000352664
0.001336157
0.000545086
-0.000224604
0.001165114
-0.002084689
0.000267143
-0.002448153
-0.001186717
-0.005484154
0.001592586
-0.004180090
0.000245612
0.001614190
-0.001507205
-0.002191312
-0.001100825
-0.000416704
-0.004158253
0.001699945
-0.003516845
-0.000801481
0.000588209
-0.000395215
0.001614532
0.000374444
0.000224710
-0.000523603
-0.000096020
-0.000010478
-0.000053264
0.000053633
-0.000544980
0.000246090
0.000181972
-0.000053204
-0.000074564
0.000502629
0.000502572
-0.000031956
0.000459707
0.000374107
0.000032058
0.000074740
0.000438130
0.000224308
0.001357463
0.001956111
0.000331209
-0.000438481
0.000010505
-0.000887467
0.002405097
-0.002405467
0.002404895
0.000972313
-0.000267744
0.000501946
0.000865411
0.000352284
-0.001101560
0.001528215
0.001806159
-0.000331869
0.000587581
-0.000246256
0.003302872
-0.000609669
0.000160021
-0.000160683
-0.000032423
0.001164893
-0.000652431
-0.002875739
0.001464459
-0.002212950
0.000053360
0.003645248
-0.004115795
0.000138881
-0.000844541
0.000502417
-0.000780400
-0.002875122
0.000331892
-0.001463862
0.000118363
-0.000416142
-0.001848416
0.000417993
0.000033116
0.000417910
0.000161332
0.000032994
-0.000480090
-0.000052449
-0.000800690
0.000353800
0.000289660
-0.000266220
-0.000201938
-0.000009476
-0.000949992
-0.000201608
-0.000864342
-0.001163410
0.000119384
0.001487510
0.000589474
0.000888662
0.000033475
0.000738889
-0.000693452
0.001124036
0.000546692
0.001508509
-0.000372900
0.000054705
0.001978931
-0.000501182
0.000460931
0.004523185
0.000033325
0.000460931
0.000653353
0.001871677
-0.001442340
-0.000244963
0.003111773
-0.001228620
-0.000009805
-0.000886223
0.001123524
-0.001014344
-0.000052227
0.000118840
0.000332604
0.000482229
0.000182803
0.000631786
0.001380096
0.002235307
0.002705674
0.000054518
-0.000544130
-0.001484737
-0.000052135
0.001080930
-0.000201930
-0.001185323
0.000867110
-0.000009452
-0.000886043
-0.000907347
0.000567894
0.000460874
0.000653253
-0.000180656
0.000161393
-0.000522773
0.000246962
0.000182807
-0.001099945
-0.000629579
-0.001441982
-0.000544010
-0.001484742
-0.001292320
-0.001270940
-0.002168912
-0.001420602
-0.000180545
0.000161460
-0.001292239
-0.000736194
-0.000436754
-0.000329750
0.000119295
-0.000201407
-0.000372418
-0.000329650
0.000333142
-0.000051695
0.000097989
-0.000115791
-0.000030267
-0.000051618
0.000033938
-0.000308103
-0.000094265
-0.000094242
-0.000179721
-0.000329347
0.000034115
-0.000350699
0.000012806
-0.000222346
-0.000115410
0.000012870
-0.000051229
0.000205322
-0.000115362
0.000055675
-0.000158091
-0.000136680
0.000077137
0.000098517
-0.000478726
-0.000072456
0.000034459
-0.000179323
-0.000051042
-0.000179289
-0.000200657
0.000013162
-0.000050985
0.000077289
-0.000222012
-0.000093705
0.000269716
-0.000286132
-0.000392979
-0.000093645
0.000034651
-0.000392913
-0.000136301
-0.000114919
-0.000093524
-0.000007981
-0.000328619
0.000013472
-0.000178893
-0.000221632
-0.000093329
0.000077698
0.000013560
0.000077704
-0.000413996
0.000077751
-0.000050500
-0.000157393
-0.000157361
-0.000071813
-0.000157305
-0.000178652
-0.000114506
-0.005752899
0.002598866
0.002608417
0.002467952
0.001900950
0.001578956
0.001758265
0.001965867
0.001575200
0.001105492
0.000715905
0.001352664
0.001484983
0.001071782
0.001306965
0.001263978
0.001311232
0.002073919
0.001146821
0.001235457
0.001566120
0.002720656
0.001737163
0.001437839
-0.001020894
0.000825087
0.000790199
0.000717504
0.000361767
0.000763190
0.000170557
0.001550349
0.000617495
0.001211523
0.000642731
0.002761058
-0.000561381
0.001063521
0.000935239
0.000422112
-0.000260388
0.000773370
0.001971930
0.002215665
0.000464201
0.000180756
-0.000123787
-0.000437021
0.000353501
0.000530907
-0.003665012
0.001206408
0.000659530
-0.000495005
0.001065756
-0.000901230
0.000167784
-0.000388103
-0.000276476
-0.000538504
-0.000178920
0.001399850
0.000536374
0.001436817
-0.000146519
0.000754053
0.000094476
0.000342085
-0.001817323
-0.000513126
-0.002993239
-0.000427605
-0.001004872
0.000427607
-0.000342084
-0.000641408
-0.000791070
-0.000110580
0.000269656
-0.000260636
0.000965180
-0.000456493
-0.000274832
0.000240329
0.000264469
0.000906379
-0.000006005
0.000771315
0.000348869
-0.000292361
-0.000408885
0.000050755
0.000161457
0.000347932
0.000454771
0.000441558
0.000001681
-0.000253114
-0.000451840
-0.000258137
0.000440282
0.000046358
-0.000054440
0.000981336
0.000342545
0.000423772
0.000297711
0.000296127
-0.000892284
-0.000575205
-0.000009841
-0.000956339
0.000669419
0.001856363
-0.000445099
0.002013633
0.004365464
0.007829070
-0.001749297
-0.001770677
-0.000274057
-0.001471353
0.000773577
0.000549772
0.000548258
0.000217620
-0.000143393
0.000049029
-0.000693852
0.000995052
0.000069845
0.000159550
-0.000350678
-0.000407847
0.000264845
-0.000398486
0.000899985
0.001393135
-0.000320939
0.000426198
0.000198295
0.000034459
-0.000649711
-0.000359054
0.003089398
0.000285145
-0.000940046
-0.000332280
-0.000216278
0.000076113
-0.000065004
-0.000383401
0.000201471
-0.000574823
-0.000671413
-0.000004711
-0.000330027
0.000221740
-0.000406299
0.000177936
-0.000329043
0.000045045
-0.000416582
0.000246207
-0.000068426
-0.000004213
-0.000142749
-0.000329300
0.000162332
0.000587569
0.000672453
-0.000718442
-0.003215067
-0.001759993
-0.000024335
0.001176436
-0.000902338
0.000290001
0.000107281
0.000030047
-0.000028403
-0.000277809
0.000381367
-0.000822428
-0.000216070
-0.000661152
-0.000013914
0.000040270
0.001008499
-0.000416854
0.000450035
0.000801694
0.000589461
-0.000671976
0.000839481
-0.000099550
0.000363857
0.000813915
0.000878055
-0.000618564
-0.000986546
0.000504308
0.000958247
-0.000549719
0.000100292
-0.000947915
-0.000780744
0.001237633
0.000235105
0.000483406
0.000761350
-0.000218409
0.001492013
0.000467193
0.000304215
-0.000132996
0.000721397
0.001745635
0.000106938
-0.000271117
0.000280661
0.000683787
0.001731421
-0.000273648
-0.001000578
0.000902267
-0.002497198
0.003361000
0.001287112
-0.001321282
-0.000184965
-0.002031700
-0.000993309
-0.001722608
-0.001872269
-0.000073605
0.003218959
-0.000137746
0.000337990
-0.004918796
0.001056387
0.000765360
-0.000088272
-0.001086536
-0.000155174
-0.000357738
-0.000374785
0.000551051
0.000561982
0.000681663
-0.000869174
0.001043428
0.001035853
0.000530879
0.002914120
0.000193257
0.000211369
-0.000834888
0.000083045
-0.001841319
0.001258822
-0.001285432
0.001536766
0.006325949
-0.002439967
0.000061526
-0.002083645
0.003966975
0.001080637
-0.000052518
-0.000520529
-0.001290219
-0.000080286
-0.000997586
-0.000644484
-0.000081404
-0.000957996
0.002668857
-0.000196100
-0.000221911
0.001022055
-0.000431804
-0.000579419
0.000682017
-0.001260734
-0.000059410
0.001096483
-0.001105686
0.001882011
-0.000195976
0.000701996
0.000462205
0.000826590
-0.001080555
0.000353245
-0.000731690
-0.000235911
0.001153807
0.000355922
-0.000350840
0.000807436
0.002931373
-0.001658419
-0.001988622
-0.003164537
0.000778412
0.000576790
-0.002566111
-0.000449463
0.001774086
0.000083615
0.001847969
0.000436871
0.000338204
-0.000418164
-0.001423037
0.001123393
0.000375083
0.003346942
0.001465478
-0.000031142
0.001893083
-0.000415987
-0.000907734
-0.000244945
-0.004585142
0.001657900
0.000116528
0.003009296
0.000358140
-0.002677860
-0.001522602
-0.001118635
0.003636328
-0.005471673
0.002479093
-0.001094170
-0.001916619
-0.004529992
0.003402093
0.000617624
-0.000812120
-0.002137697
0.002251858
-0.004197378
0.001590865
0.000521851
0.002189513
0.000607372
0.000308048
-0.000974769
0.001686701
0.000609727
0.002704995
0.003902290
-0.003842230
0.000167116
0.000027889
0.000959888
0.003950650
-0.000256875
-0.000021692
0.001765453
0.001151699
-0.000106390
0.002309582
0.000812962
0.000716832
0.000200282
0.002723155
-0.002472254
0.000119238
-0.001690568
0.003590362
-0.000968464
0.001627489
-0.000938145
-0.001908207
-0.000467732
-0.000852577
0.003316578
-0.005855564
-0.003589254
0.000853276
-0.000127290
0.000234003
-0.001241237
-0.001946786
-0.000535688
-0.000792350
-0.000214987
-0.002225143
-0.001883058
-0.000471959
-0.004897267
0.001709097
-0.000428931
-0.001989692
0.000020043
-0.000279315
-0.001219864
0.000811394
-0.000663880
0.000854469
-0.001475825
0.001495862
-0.000022262
0.000640527
-0.002951361
0.000063259
-0.000428502
-0.000236079
-0.002887234
-0.003442833
0.000512470
-0.003015277
-0.000791728
0.016526302
-0.004148432
-0.003442594
-0.001368706
-0.000534875
-0.001304565
-0.002608762
-0.000727236
-0.000748617
0.002223243
0.008423403
-0.001497049
-0.001304626
-0.001710851
-0.002459161
-0.000791490
-0.001069777
-0.000556650
0.005194673
0.002222814
-0.000086257
0.000662053
-0.001304933
-0.000342820
-0.000449684
0.000554927
-0.002587804
0.000213013
0.015008170
0.002008957
-0.001305251
-0.007035167
-0.007783477
0.006306130
-0.005025420
0.001816271
-0.007291825
-0.000471515
0.005750148
-0.000471515
0.001965692
-0.001048928
0.001816030
-0.000664293
-0.004063416
0.001538358
0.001901823
-0.001690041
-0.002438351
-0.002480917
0.000020691
-0.000107535
0.000362876
-0.006243106
0.000256762
-0.000384634
0.000000193
-0.000341834
-0.000576951
-0.001196848
-0.000683529
-0.000619284
-0.000490915
-0.000512175
-0.000362396
-0.000469163
-0.000426295
-0.000426171
-0.000554331
-0.000682491
-0.000853421
-0.000318846
0.000044705
-0.000126277
-0.000617936
-0.000233019
-0.000232937
-0.000489379
-0.000831351
-0.000296737
-0.000168369
-0.000382099
-0.000381956
-0.000788084
-0.000787993
-0.000616865
-0.000702281
-0.000039403
-0.000360026
-0.000082033
-0.000402637
-0.000765983
-0.000231338
-0.000145742
-0.000380792
-0.000701369
-0.000209541
-0.000081194
-0.000252193
-0.000294838
-0.000679563
-0.000230476
-0.000273134
-0.000379957
-0.000294308
-0.000572170
-0.000123085
-0.000507847
-0.000187035
-0.000379338
-0.000742653
-0.000870832
-0.000250655
-0.000293323
-0.000378778
-0.000421437
-0.000720612
-0.000335689
-0.000164584
-0.000228682
0.000156212
0.000883004
0.003641085
-0.001084389
-0.001019986
0.002721373
-0.001746960
-0.000100678
-0.004205682
0.001395952
0.001246185
0.000134751
-0.000998320
0.001610202
-0.003820664
0.003256389
-0.000741710
0.000818982
-0.003606737
0.004859855
-0.004013337
0.002571575
-0.004483919
0.002635715
-0.001512060
0.000732870
-0.001127215
-0.022015751
-0.007968906
-0.002923159
-0.002922840
-0.012821747
-0.013099691
-0.011175466
-0.003414136
0.006891160
0.009649217
-0.002259601
-0.003478277
-0.009999263
0.014866007
0.002807526
0.013925274
-0.002323742
-0.013270446
-0.009935123
-0.003007911
0.002208878
-0.000036051
-0.003029291
-0.005188438
0.002358802
0.015144211
-0.010212805
-0.001831734
0.001588978
0.004197373
0.004218753
-0.006706572
0.001075851
0.000541344
-0.004803727
0.005715373
-0.003414008
0.001524805
-0.002537449
-0.001468099
-0.002473024
-0.001446771
0.000370544
0.000178194
-0.001254075
0.000477731
0.000028779
-0.000163626
-0.000184970
-0.000420118
-0.000783478
-0.000847493
-0.000291504
-0.000334128
-0.000462300
-0.000376643
-0.000526147
-0.000803971
-0.000290706
-0.000632685
-0.000226345
-0.000824841
-0.000397142
-0.000418374
-0.000610696
-0.000418121
-0.000738740
-0.000204104
-0.000332261
-0.000374938
-0.000054204
-0.000503050
-0.000716748
-0.000224882
-0.000566861
-0.000502615
-0.000331469
-0.000780294
-0.000373993
-0.000224193
-0.000544812
-0.000373626
-0.000672801
-0.000587184
-0.000287689
-0.000586872
-0.000629533
-0.000415547
-0.000971290
-0.000265627
-0.000201367
-0.000949538
-0.000329378
-0.000500280
-0.000649843
-0.000286246
-0.000157851
-0.000521215
-0.000585243
-0.000243084
-0.000413959
-0.000755860
-0.000691583
-0.000028692
-0.000199613
-0.000520208
-0.000434597
-0.000284781
-0.000883287
-0.000925896
-0.000262975
-0.000754574
-0.000412389
-0.000604661
-0.000326556
-0.000860911
-0.000326300
-0.000304765
-0.000390141
-0.000411409
-0.000625031
-0.000774553
-0.000624709
-0.000624569
-0.000389203
-0.000795307
-0.000367530
-0.000645342
-0.000431401
-0.000901621
-0.000366973
-0.000666161
-0.000345338
-0.000623101
-0.000815406
-0.000366252
-0.000451684
-0.000323256
-0.000943148
-0.000301595
-0.000472514
-0.000472426
-0.000386721
-0.001156272
-0.000129901
-0.000685648
-0.000407579
-0.000963320
-0.000428685
-0.000278870
-0.000471199
-0.000492399
-0.000577813
-0.000513504
-0.000128575
-0.000684306
-0.000470372
-0.000662602
-0.000213548
-0.000726502
-0.000640874
-0.000576571
-0.000384041
-0.000939749
-0.000383724
-0.000533260
-0.000319321
-0.000597154
-0.000254946
-0.000618281
-0.000725013
-0.000446926
-0.000404017
-0.000446632
-0.000638910
-0.000553271
-0.000553106
-0.000381912
-0.000531479
-0.000509935
-0.000573934
-0.000659318
-0.000445367
-0.000573482
-0.000723003
-0.000423549
-0.000573049
-0.000572921
-0.000423112
-0.000679533
-0.000422829
-0.000828901
-0.000422529
-0.000636194
-0.000400837
-0.000742767
-0.000464702
-0.000528681
-0.000763708
-0.000506980
-0.000635133
-0.000784625
-0.000463770
-0.000420912
-0.000570423
-0.000869596
-0.000356338
-0.000612745
-0.000612602
-0.000334527
-0.000676471
-0.000462539
-0.000783062
-0.000419461
-0.000569021
-0.000633008
-0.000675648
-0.000354795
-0.000547089
-0.000611088
-0.000589543
-0.000461143
-0.000567853
-0.000824266
-0.000375157
-0.000610186
-0.000738282
-0.000417420
-0.000588318
-0.000716415
-0.000545244
-0.000673358
-0.000566335
-0.000566168
-0.000608780
-0.000822377
-0.000437395
-0.000822087
-0.000351592
-0.000779032
-0.000308534
-0.000458027
-0.000607546
-0.000607373
-0.000799676
-0.000500192
0.002557014
0.002000993
-0.001398519
0.001851284
-0.000521927
-0.005759613
0.005016050
0.000226847
-0.003065716
-0.001996702
0.003433890
-0.000393181
0.003070425
-0.003022956
-0.003471942
0.002878003
-0.013007548
-0.005802393
-0.016535295
0.010296962
-0.002167744
-0.001077350
-0.000286255
-0.002552351
-0.003065159
-0.004647083
0.000719368
-0.004240168
0.000955430
0.000827149
-0.005501451
-0.003363422
-0.003769648
0.001040916
0.000805733
-0.005159366
-0.001503338
-0.008109845
0.000378127
0.000271226
0.001147818
-0.000626746
-0.002850153
-0.004539195
-0.007575196
0.004654327
0.003179087
-0.001845125
-0.000369885
-0.009157219
-0.000583725
-0.003748007
-0.000327162
-0.002272492
-0.002208351
-0.004389139
-0.000241344
-0.000391006
0.000335895
0.000207604
-0.004089558
0.001084471
0.004291513
0.006942668
0.002367288
-0.005564797
0.000250640
-0.004431642
0.002495569
0.003436302
0.004334274
-0.001566684
-0.001545304
0.000977569
0.000571296
0.001854113
-0.001395690
-0.002079904
-0.003191679
0.002901702
-0.000048777
0.000229147
-0.000048797
-0.001075050
-0.001288853
0.004740387
-0.001481276
0.002837541
-0.003491022
-0.003619304
-0.001630671
-0.001374108
0.000186653
-0.002827967
-0.000454756
-0.011593883
0.005211019
-0.004345967
0.000785544
0.002388864
-0.002079615
-0.001972713
-0.002934826
-0.003747250
-0.001673362
0.000015680
-0.003490686
-0.000668132
-0.001630089
0.000037711
-0.004045847
-0.002805551
-0.002976819
-0.007210115
-0.000966636
-0.001479790
-0.001330129
-0.001158834
-0.003510665
0.000744011
-0.002527222
0.001043285
-0.001971454
-0.001843111
-0.004152181
0.000936326
0.002924747
-0.004665348
-0.002762504
0.000209338
-0.001180324
-0.003232831
-0.000902063
-0.002056425
-0.000794922
0.000060337
-0.000752051
-0.003061122
-0.001094043
0.000808802
-0.002269959
0.004251027
0.000466717
0.001364689
0.003267534
-0.002312525
0.000445562
0.000616605
-0.000345479
0.000210408
-0.002098603
-0.003488321
-0.002761391
-0.007785758
0.001921372
-0.001285562
0.004572636
0.002049762
-0.001606266
-0.000045506
-0.001884052
0.003482407
0.000382266
-0.000708129
0.004615562
0.002883759
-0.001713002
-0.004684862
0.001237477
-0.000430185
-0.009110581
0.001622322
0.004893505
0.003482407
0.005000407
-0.000750889
0.002135449
-0.000921854
0.006005358
-0.002247432
-0.001263939
-0.002119150
-0.011119955
-0.000536714
-0.001327785
0.001195089
-0.001605728
-0.000472296
0.003974803
-0.001712353
-0.003358530
-0.002011572
-0.003294389
-0.001840530
0.001430653
-0.007698728
-0.003828897
-0.001241690
-0.002395867
-0.002117924
-0.002759332
-0.001155554
-0.001347940
-0.001433224
-0.000257308
0.001046889
-0.001304833
-0.000022016
0.000127646
-0.005367087
-0.000812908
-0.000192880
0.000341652
0.003270751
-0.000812655
-0.002950683
0.003955149
-0.000684093
-0.000790696
0.001539626
0.000791346
-0.000512751
-0.002650858
-0.002265977
-0.002501022
-0.000320007
0.000150360
0.000449684
-0.002778739
0.000663519
-0.001581411
-0.000555158
-0.000063406
-0.003997378
-0.000469631
-0.006456110
-0.004638786
0.000257277
0.003336038
0.000770339
0.006607156
0.003635297
0.003870480
-0.002158760
-0.000362816
-0.003013887
-0.001132372
-0.000897188
0.000214568
-0.001837785
-0.002992484
-0.000426814
-0.000298385
0.001604460
0.000471305
0.000449898
0.001305109
-0.000747518
0.003143693
0.000513852
0.002630582
0.000920082
-0.001111045
0.000556479
-0.003227881
-0.003441736
-0.000811622
0.003485815
-0.000148833
0.000193454
-0.006070969
0.000257595
0.001668694
-0.002094328
-0.002714317
-0.000790091
0.000407223
-0.001944599
0.002096098
0.000684942
0.000300071
0.000748994
-0.000512399
-0.001089536
-0.003462689
0.000898890
-0.004104144
-0.001175045
0.006008731
0.002737547
-0.007140144
0.002331322
-0.007460848
0.002502364
-0.002949609
-0.001025383
0.000022251
-0.000127411
-0.000533591
-0.000875647
-0.000319760
-0.001944617
-0.000683002
-0.001025085
-0.000640240
-0.000533338
-0.003590601
-0.000597181
-0.001302627
-0.001345274
0.000023170
-0.001238163
-0.000917315
-0.001387490
0.001627130
-0.000617796
0.000493979
-0.001023675
-0.002734053
-0.000617405
-0.001729179
-0.000766886
0.001114656
-0.002241937
-0.001856940
-0.001514762
-0.002220311
-0.000980255
0.000003286
-0.000958746
-0.001728318
-0.000915632
0.000217554
-0.000573591
-0.002112971
-0.002262633
-0.002027279
0.001906714
-0.001813455
-0.000530594
-0.000616105
-0.000423682
-0.001342990
-0.000616060
-0.001770574
-0.000829841
-0.000530473
-0.004656820
-0.000273862
-0.001364256
0.000324786
-0.000829650
-0.000851065
-0.003010132
-0.002454038
-0.001491843
-0.001812560
-0.000486982
-0.001363320
-0.000935714
-0.000957169
-0.002175662
-0.001256210
0.000133509
0.000390072
0.000261871
-0.001576802
-0.000956576
-0.002153699
-0.001319589
-0.001640293
-0.001575929
-0.001511747
-0.000870265
-0.001682716
0.000070461
-0.000121831
-0.000442535
-0.000741756
-0.001404427
-0.000485075
0.001481912
-0.000228399
0.001054418
-0.001639360
-0.002985877
0.001076485
-0.000505656
0.000200047
-0.002258686
-0.001146911
-0.002130500
-0.002600647
0.000456733
-0.000783323
-0.001082469
-0.000825827
-0.000291295
-0.001894503
-0.000013039
-0.001124703
-0.000910900
-0.000226731
0.001291269
-0.001210212
-0.002043884
0.000051380
-0.000547243
-0.001594906
-0.000354850
-0.000483107
-0.000247751
-0.001231244
0.001697855
-0.000119469
-0.001209715
-0.001124164
-0.000611038
-0.001808334
-0.001209494
-0.000076290
-0.001252206
-0.000717638
-0.001294626
0.000052328
-0.000760059
-0.000097122
-0.002277879
-0.001614702
-0.003474787
-0.000738111
-0.002127650
-0.001229445
-0.001058403
-0.002811586
-0.001101163
-0.001592910
-0.001143924
-0.000887360
-0.002041724
-0.001742400
-0.000096118
-0.001015303
-0.004029791
-0.001827468
-0.001677846
-0.000972297
-0.001827508
-0.001421187
-0.001314285
-0.001292905
-0.000095462
-0.000886235
-0.001035875
0.000460834
-0.000779221
-0.000971523
-0.000949796
-0.000778753
0.002813134
-0.000778753
-0.001527063
-0.000500768
0.000119251
-0.000949684
-0.000051674
-0.000650171
-0.000906599
-0.001205821
-0.000414703
-0.001825835
-0.001633275
-0.001932611
-0.000692494
-0.000243526
-0.001633244
-0.000179284
0.000654547
-0.001697284
-0.000585312
-0.001590186
-0.001205176
-0.001611357
-0.000606431
-0.000948435
-0.001397073
-0.000220968
-0.001225688
-0.000926286
-0.001567470
-0.002807279
-0.000669194
-0.001887780
-0.000754458
-0.003212920
-0.004431596
0.007113757
-0.001096180
-0.002913504
-0.001716208
0.000101116
-0.003961138
0.003436748
-0.002015224
-0.006355422
-0.002699393
-0.001566238
-0.000155140
-0.006697507
-0.005671253
-0.010994944
-0.005051225
-0.006547845
-0.001224154
-0.007082352
0.002880860
-0.001886943
-0.003105619
-0.002592492
0.001042156
0.009743931
0.001940128
-0.002400070
0.000208377
-0.004901510
-0.003319369
0.009423280
-0.002271545
-0.003939207
-0.004751658
0.003885977
0.009530372
0.003330090
-0.003981967
-0.001694277
-0.001437713
-0.000839135
-0.000774929
0.005575015
-0.000496831
-0.002100352
0.000828747
-0.000005084
0.005019283
-0.007573704
-0.000582352
-0.000282987
-0.005264593
0.000251520
0.000272843
-0.003297664
0.000037660
0.001448759
-0.001480215
-0.000432582
-0.001309063
0.004741714
-0.004002822
-0.004601470
-0.001842924
-0.001970914
0.000124405
-0.001329267
-0.001350409
-0.001499841
-0.000088608
-0.001136085
-0.000644129
-0.001007531
-0.000686665
-0.000900332
-0.000900111
-0.000857194
-0.000707375
-0.001605149
-0.001070430
-0.000407499
-0.001027351
-0.000941651
-0.001347636
-0.001261779
-0.001347045
-0.001795673
-0.000918798
-0.001944819
0.000920145
-0.001410144
-0.001024943
0.001412360
-0.000084246
-0.000233856
-0.001110284
0.001626374
-0.002179184
-0.003504546
0.001690863
0.004106835
-0.000040940
0.009045680
-0.001879644
-0.005364631
-0.004509419
-0.001259616
-0.003354884
0.000835651
0.000322525
0.002225370
-0.000340264
-0.000789184
-0.003055244
-0.001879023
-0.008250348
-0.000831320
-0.001087883
-0.000168425
0.000558515
-0.001750409
-0.005000212
-0.001878078
0.002569131
-0.001172370
-0.000381410
-0.000017938
0.000922794
-0.001728158
-0.003737905
-0.000402249
0.000303320
-0.003544871
0.000410447
-0.000850919
0.003596220
-0.001919894
-0.002753725
-0.002518542
-0.001086063
0.000218135
-0.001941274
-0.001171584
0.000325009
-0.001171513
-0.001556151
-0.002710459
0.001458696
0.003019457
-0.001897849
-0.001448741
-0.001833398
-0.000956806
0.000048291
0.000026909
-0.000251035
0.001630430
0.001459265
0.000882123
-0.000400694
-0.000593049
-0.000806784
-0.001020587
-0.001490594
-0.002324221
0.000498153
-0.002815791
0.000819160
-0.002558710
-0.001126025
-0.001767299
-0.001531862
-0.000655215
-0.002258368
-0.002365070
-0.001594807
-0.001209703
0.002254076
-0.001658540
-0.000461024
-0.002599003
0.000822084
-0.000995240
-0.003774677
-0.003731916
-0.003560874
-0.004031241
-0.006383072
0.000009632
-0.001829050
-0.002021205
-0.000695445
0.000459133
-0.002384199
-0.001229560
-0.001614247
0.000010794
-0.000502333
-0.000673375
-0.002854164
0.001250850
-0.000181629
-0.001186402
-0.000972352
-0.002575346
-0.001591719
-0.001078330
-0.001676772
-0.000607530
-0.002039837
-0.001505164
-0.001676206
-0.001505164
-0.002659699
-0.002360375
-0.002039671
-0.001504954
-0.000713737
-0.001675709
-0.003101339
0.000818639
-0.001887276
0.001915540
-0.000587761
0.000502693
0.000475645
0.000092430
0.000138122
-0.000366905
0.002134588
-0.001500060
0.001728362
0.000690309
-0.001302367
-0.000443413
0.000005479
-0.000741225
-0.000086421
0.001415126
-0.000170470
-0.000476889
-0.000305847
-0.000498270
-0.000669312
-0.000562411
-0.000818974
-0.001615027
0.001246241
0.000174249
-0.000379341
-0.001849999
-0.002608683
0.000602439
0.000613155
0.002986367
0.000356592
0.001853212
-0.000819324
0.002729803
0.001967559
-0.002979381
-0.005505100
-0.000074508
-0.001166345
0.001901295
-0.002554402
0.001144387
-0.002661304
-0.004777952
-0.001229193
-0.001686394
0.001066503
0.000144616
-0.000661120
0.000169808
0.001166662
-0.000171461
-0.000236910
-0.001190212
-0.000563367
0.000114605
-0.000432877
0.000247235
-0.001717720
-0.000046349
-0.000040035
-0.000047592
-0.001012874
-0.000792186
0.003153596
0.000511064
-0.000386907
-0.005967161
-0.000493809
-0.000108964
0.001751121
0.000831769
0.000649622
-0.001237243
0.000717479
-0.000051334
0.003390856
-0.001032873
-0.004065385
0.002281529
0.004093566
0.000093849
-0.002114928
-0.003811786
0.001612621
0.000176396
-0.001760496
-0.002145342
-0.000699524
0.002009827
0.000864774
0.000765872
0.001670389
0.002258944
0.002432193
-0.000672005
-0.002006052
-0.011413377
-0.003417150
0.001222371
0.002740371
0.000752005
0.003702484
-0.001362729
-0.003949744
0.000006835
-0.001447024
-0.008759081
0.005116723
-0.008844601
-0.001254537
-0.008609354
-0.000527607
0.005309211
-0.002620835
-0.002749116
0.006636828
-0.001594581
-0.000504187
0.006572687
0.003288058
-0.002014252
-0.013623746
0.002959525
0.000436651
0.001891975
0.004962834
0.000280552
-0.000179602
0.007645582
0.001680483
-0.004339296
0.005794958
-0.004937945
-0.001827937
-0.000828275
0.000373679
-0.003569448
-0.000447927
-0.010539421
-0.005643336
0.003379144
-0.002414913
-0.005500339
0.002282084
0.004762197
0.004072292
-0.012668470
0.005547531
0.003687278
-0.004458610
0.003880972
0.003880972
-0.012111481
-0.000536490
0.004895933
0.007675369
-0.004774553
-0.005587004
-0.005073877
-0.003876581
-0.002059257
-0.000624149
-0.008021727
-0.009881812
0.007500428
-0.006161146
0.001706798
-0.001222301
-0.005553095
-0.003607489
0.008899977
-0.000561884
-0.009071237
-0.001477362
-0.014690377
0.006604385
0.006411963
-0.001862207
-0.004342320
0.003440103
-0.007292799
0.017850415
0.008485850
-0.006736912
-0.012017842
-0.001092517
-0.000942855
-0.004791306
0.004832732
-0.002650367
0.000150450
-0.013532932
0.005369828
-0.009190146
-0.003654326
-0.005358668
-0.005700753
0.005716319
0.011488995
-0.013805628
0.001288212
0.002943027
-0.002166861
-0.002786889
-0.007191228
0.013440746
0.005850745
0.003923591
-0.002259449
0.002935960
0.010098356
0.006078862
-0.013505477
0.010183877
-0.004910604
0.002529735
0.005073155
-0.005964024
-0.002436277
-0.003419770
0.001682733
0.001725493
-0.001353267
0.003435916
0.005060818
-0.013219324
0.003243494
-0.003876141
0.011261100
-0.008643944
-0.004474789
0.000207493
-0.011234985
-0.000174377
-0.000601983
-0.014562353
0.004942614
0.005712304
-0.005683387
-0.002283922
-0.023899389
-0.009916683
0.007697373
0.013897656
0.019093065
-0.002458262
-0.004183784
0.007126386
-0.011217897
-0.008246038
-0.001382967
-0.007412207
0.003776216
-0.009864405
0.003194233
-0.021884838
-0.001167345
0.004044449
-0.010060849
0.000522392
0.006230927
0.004071519
-0.004694398
0.013820928
-0.001572876
0.004071519
-0.005677891
0.002040392
-0.012690623
-0.001252172
0.007748927
-0.002620510
-0.004026914
-0.010098914
0.008095707
0.004717622
-0.008281590
-0.005138688
-0.007259523
-0.003031525
-0.000154586
0.000253498
-0.002278004
0.000027386
0.001435329
0.001362566
0.000157599
0.000773859
0.000130808
0.000083238
-0.000633821
0.000492572
-0.000903864
0.000615696
-0.000365741
-0.000069110
-0.000201005
-0.000188723
0.000731044
-0.001377560
0.000728471
-0.000453035
0.000640515
-0.000183736
0.000031894
0.001027615
-0.001265934
0.000859326
-0.000941897
0.000797721
-0.000969477
0.000671125
-0.000514874
0.000540755
-0.000167486
0.000149771
0.000760751
-0.001242533
0.000570894
-0.000749551
0.000792099
-0.000168655
0.000131089
-0.000881021
0.000823121
-0.000747631
-0.001154474
0.000613401
-0.000149941
0.000514470
-0.000344908
0.000117763
0.000281495
-0.000172161
0.000518964
-0.000640498
-0.000088110
0.001008544
-0.001198189
0.000830895
0.000115672
0.000400148
-0.001368981
0.000656773
-0.000620635
0.000182704
-0.000600606
0.000798846
-0.000272905
0.000554938
-0.001117855
0.000546049
0.000596956
-0.000760493
0.000700782
-0.000736848
0.001016729
-0.001249600
0.001110409
-0.001516866
0.001001008
-0.000093055
0.000413616
0.000572113
-0.000970964
0.001180037
-0.001258698
0.000770943
0.000498371
0.000250531
-0.001600616
0.001112774
-0.001092975
0.000844084
-0.000728766
-0.000461763
0.000953520
-0.001196050
0.000771764
-0.000237501
0.000089922
0.000683202
-0.000585079
0.001351018
-0.001169079
0.000475910
0.000912428
-0.001469469
0.000771723
-0.000297570
-0.000886780
0.001028548
-0.000998912
0.001042889
-0.001560262
0.000197431
0.000142005
0.000507362
-0.000215392
0.000467359
-0.000876434
0.000813358
0.000422497
-0.000739359
0.001178910
0.000012658
0.001899132
-0.002169574
0.002516306
-0.003559795
0.001569171
-0.000286024
0.000080281
-0.002720703
0.002859335
-0.002250525
0.002260928
-0.002528043
0.001256595
-0.002164134
0.003651072
-0.002506002
0.000059597
-0.000282464
-0.000645960
-0.000325276
0.000529882
0.000251989
0.000508663
0.001727312
-0.002505787
0.002582674
-0.000368145
0.000530013
0.002218826
0.000529569
0.002945294
-0.006846160
0.001342904
-0.000837815
-0.013345281
-0.000025362
0.003609286
0.013465597
-0.005969081
0.009895089
0.007008752
-0.000367446
-0.006738771
-0.001650125
0.000017541
-0.000239002
0.001792226
0.002455015
-0.002483898
0.000530810
0.000488009
-0.002526611
-0.003681147
-0.006802668
0.008505615
-0.001115419
0.006304057
-0.001970399
0.000937319
0.002861545
0.004016072
0.008334889
0.001514451
-0.001243605
-0.002804168
0.000659438
-0.003253031
0.004807533
0.001963679
-0.005690462
-0.005198363
-0.001841504
-0.006651817
-0.004769947
0.000895716
-0.008704031
0.005406955
-0.000472310
-0.003102085
0.001387583
-0.003637035
-0.000216171
-0.004150143
0.000083371
-0.000985644
0.000254391
0.000981321
-0.001905017
0.005193237
0.000040585
-0.007143190
-0.001327753
0.005706697
0.004658671
-0.004770034
0.000446718
-0.001990635
-0.002418037
0.006091452
0.004573068
-0.004021468
-0.003294624
0.002820137
-0.008468653
-0.002524934
0.003739353
0.003012423
0.003247588
-0.001584553
0.001066732
-0.003978984
-0.000194658
-0.005112123
-0.002525109
-0.001926196
-0.003573078
0.000233008
-0.004898260
-0.000301473
-0.003187812
0.001857912
0.002028784
0.001087960
0.000018946
-0.000643789
-0.007613761
0.000168648
0.001772169
0.004038479
-0.002867352
0.001130854
-0.000643737
0.002712695
-0.000900357
-0.004385317
0.001537022
-0.000729227
-0.005411674
0.000874056
-0.003979108
0.000275568
-0.001990574
0.002691688
-0.005475580
-0.000322905
-0.000087604
-0.005154789
-0.006565887
0.006647128
-0.006222897
0.000277250
-0.006222356
-0.001753730
0.002885792
0.006948046
0.004681736
-0.002779983
0.003505876
0.003527256
-0.007996716
-0.003656519
-0.002587232
-0.003485204
-0.000748465
0.000213648
-0.001603541
0.000491727
-0.001154458
-0.000812255
0.000000196
0.000513279
0.011780688
-0.005109735
-0.001945453
0.002822113
-0.002779521
0.003334959
-0.001283182
-0.001860155
0.000342014
-0.000406296
-0.004297507
0.002266049
-0.000235444
-0.002822458
0.000577007
-0.001860473
0.001132767
-0.001283205
0.003570119
-0.016634249
0.001432091
0.001004485
0.000833373
0.003527289
-0.000192864
0.002158794
0.002179729
0.002564574
0.002992180
0.003120099
-0.002503025
0.000447416
-0.003678991
0.003654446
0.002927517
0.000404643
-0.002267701
0.000704158
-0.002973251
-0.013513730
-0.001625973
-0.000642273
-0.004127259
-0.000065000
-0.003036859
-0.003721084
-0.003763844
-0.002416887
0.002735532
-0.005731060
-0.001241097
0.002564448
0.001944420
-0.009109187
0.001666476
-0.001775352
0.005173240
0.005515325
-0.009066029
0.000148861
0.001837940
-0.002865723
0.002415004
-0.000215115
-0.005303622
0.000255251
-0.001519185
0.000062951
-0.000086704
0.002328957
0.001644591
0.003012780
-0.003273023
0.002349991
0.000361595
0.003590017
-0.000408061
0.000703683
-0.000386679
-0.002930932
-0.000942487
-0.004149114
0.003397841
0.001345333
-0.002481737
-0.001220419
0.000768170
-0.000429090
-0.001562113
-0.003828556
0.002756893
-0.001583305
-0.002309839
-0.000449813
0.001388708
-0.001198206
0.004510330
-0.006906741
-0.001176825
-0.003186304
0.000020738
-0.006585770
-0.001817966
-0.002010220
-0.000406398
-0.002138000
-0.001368195
-0.001581951
-0.000983221
-0.000192150
0.000149934
0.002116868
0.000363708
-0.006285536
0.003442493
0.003677367
0.002800775
0.000897854
-0.000769818
-0.001346711
0.001924656
0.001667902
0.000085761
-0.000106652
-0.003698540
0.003677658
-0.000491456
0.003271218
-0.001860215
0.004660894
-0.000812459
-0.000769705
0.003549286
0.001475178
-0.001197133
-0.010091332
0.002522777
0.003527651
-0.000919574
-0.000940890
0.003313508
-0.000256999
0.000534036
0.003783666
-0.001882191
0.001581415
0.001581415
0.001517270
0.003655298
0.001645414
-0.003742103
-0.000150203
-0.000363975
-0.002865242
-0.002694022
-0.000406297
-0.005323763
0.002929027
-0.007761115
-0.004853397
0.001389778
0.000427665
0.001453919
-0.002373152
-0.004361479
-0.002608709
-0.000705864
-0.004960447
0.001068793
0.000940512
0.005665899
-0.005729792
-0.014987455
0.004190307
0.000128054
-0.001325806
-0.002929327
0.002330027
0.001239528
-0.000492233
-0.001283699
0.002073293
-0.001133749
-0.001753778
-0.000706350
0.002393717
0.001025379
0.003547954
-0.000492919
-0.000963226
-0.005452872
0.004104115
-0.000300223
-0.004683181
0.000448049
-0.002994177
-0.000386028
0.001260042
0.002542748
0.001067508
0.003290901
0.000939070
-0.000130163
-0.001092184
-0.002097154
-0.004256205
-0.001796750
-0.000855938
0.002308344
-0.000022107
-0.004490586
-0.000663460
-0.002758394
-0.001176154
-0.000214054
-0.008060618
-0.007184026
0.004147713
0.003292501
-0.000192469
0.000320631
0.001453878
0.001346977
-0.003335246
-0.000812150
-0.001859459
0.002587419
-0.000107059
0.001539093
0.001581405
0.001281855
0.004873848
-0.001155377
-0.001005715
0.000405384
-0.001433321
0.001196170
-0.000663853
0.000982346
0.000383698
0.002756975
-0.003934991
-0.001775211
0.000897442
0.000918565
-0.000321214
-0.003100613
-0.000085986
-0.001304662
0.000726404
-0.001154547
0.004276012
-0.002202214
-0.001453782
-0.005173486
-0.000341709
0.000107671
-0.000106280
-0.001346061
-0.002500597
0.001155117
0.008937541
0.001390300
0.002031574
-0.000790609
0.002629943
-0.000363454
0.001966831
-0.000919635
-0.002309141
0.001688972
0.004511170
0.002372814
0.001624235
-0.004276724
0.000683679
0.000320341
0.001239579
0.000555704
-0.003164602
-0.000320997
-0.001218865
-0.003014550
0.006756240
0.000042831
0.001688971
0.004810567
-0.001090299
-0.000170947
-0.004425251
0.002202514
-0.000811786
-0.001816659
-0.000405404
-0.003484165
-0.000127157
-0.003633120
0.000920787
-0.002884227
-0.000083439
-0.002948625
-0.002585160
0.000493629
0.002225245
0.002011347
-0.000661189
0.001177722
-0.002200383
-0.003654242
-0.003354918
-0.000938867
-0.000532597
0.000728938
-0.002563626
0.000365811
-0.000895551
-0.004786762
-0.002135607
-0.001836129
0.000366213
0.000045773
-0.000060811
-0.000787628
-0.000039300
-0.000274463
-0.000146124
-0.000830183
-0.000338286
-0.000637505
-0.000573190
0.000431748
-0.000124183
-0.001107614
-0.000209417
0.000581521
-0.001107346
-0.000252057
-0.000038325
0.000111293
0.002526826
-0.001171865
-0.002390541
0.000025290
-0.005020035
-0.001064682
-0.000059809
0.003083093
-0.001855753
-0.000124141
-0.002133887
-0.004849184
0.003382226
0.000217926
-0.006623765
0.003082884
0.001115897
-0.000423374
-0.000936501
-0.004400107
0.000752542
0.001671894
-0.002048276
-0.002176557
0.003425077
-0.004507008
-0.001193282
0.002975844
0.000538446
0.000174967
-0.000209878
0.004258601
-0.000787080
0.001842623
-0.001000934
-0.000872578
0.003232732
-0.000359304
-0.003053219
0.005926651
0.003403491
-0.004207890
-0.002326425
-0.002368917
-0.004079340
-0.000401549
0.002527337
0.000987733
0.000453327
-0.002347490
-0.003416505
-0.000551547
0.001137587
-0.003373653
-0.008654583
0.001351390
0.002056939
-0.000615545
0.002249503
-0.006559514
-0.000872358
0.001051464
0.002077930
-0.000124229
0.003446556
0.007679764
0.001073256
0.003403707
-0.006281561
0.001351086
-0.000658772
-0.001449642
0.004237409
0.001522669
-0.006195613
-0.006174233
0.000347073
0.000817439
0.002014735
-0.003822392
-0.001299409
0.005456839
0.000004867
0.000945581
-0.000358531
-0.006067067
-0.000401258
-0.001962019
0.000282984
0.002998419
-0.000764681
-0.003372792
0.001844214
0.005457482
-0.000592941
-0.000186700
0.000155436
-0.001469342
-0.000015417
-0.006087326
0.000241237
0.000390866
-0.000378824
0.000369391
-0.006899816
0.001182238
-0.000763304
0.000006315
-0.000442671
0.001566944
-0.000699366
0.007895508
-0.003671226
-0.001169634
-0.003372002
-0.000506867
0.003234682
0.002807077
0.000262801
0.000540699
-0.000250392
0.001716595
-0.006044448
0.003320116
0.001973158
-0.006685857
0.002400764
-0.004697490
-0.005103716
-0.004847153
0.000155821
-0.000742148
0.001011035
-0.002559301
-0.000335475
-0.001212066
-0.000100292
0.000220394
0.000284310
-0.003286198
-0.009422339
-0.001511507
0.003319893
-0.000036808
0.007104185
0.001053564
-0.000036830
-0.000720667
0.001267690
0.000305552
0.000284028
0.000391071
0.000647692
-0.000314475
-0.001704029
-0.000228611
-0.000014781
-0.000057555
-0.000185806
-0.000292650
-0.000100183
-0.000313927
-0.000335250
-0.000014402
-0.000527479
-0.000270777
0.000049987
-0.000591366
0.000605923
0.000285311
0.002508683
-0.000634313
0.000862403
-0.002387200
-0.000591256
-0.000569876
-0.005444123
-0.000996940
0.008175201
0.005673708
-0.002215616
-0.000740164
-0.001488349
-0.003027768
-0.001552403
-0.002044204
-0.001851440
-0.002022482
-0.004609496
0.003301209
-0.005807231
0.000884986
-0.000975017
-0.000205356
0.000179544
-0.000461865
0.000991821
-0.002236594
-0.001253100
-0.000376477
-0.002963195
-0.000034097
0.000927938
0.001889892
-0.003669193
-0.001616686
0.000072794
-0.002941675
0.003002044
-0.004416799
0.004563126
-0.003646493
0.000031139
-0.000567469
0.000073933
0.001784196
0.003387717
-0.005720283
0.002788946
0.000843206
-0.001893311
-0.002812427
0.003708583
-0.001700936
0.005589738
0.000907379
-0.004266649
0.002297064
0.001933600
0.000543651
-0.000290093
-0.001872077
0.011789864
-0.006340617
-0.000204246
0.002575191
-0.003945464
0.002425991
0.001036186
0.001934201
-0.002811986
0.000501958
0.005333902
-0.002854414
-0.000780461
-0.002277036
-0.001956332
-0.008092473
-0.003174741
0.002832617
0.002147858
0.003088538
-0.004607977
0.000651573
-0.001807020
-0.001443232
-0.002127726
-0.001293895
0.002789673
-0.002341398
-0.004180103
-0.002405337
-0.001999111
0.007472436
0.001186633
-0.005676242
-0.001357071
0.002769098
0.001101209
-0.001208113
-0.000545278
0.000758919
-0.001742211
-0.000544916
-0.001977394
-0.002404227
-0.001014508
0.000054329
0.000225486
-0.000266188
-0.001783974
-0.000244593
-0.001762593
-0.000159072
-0.001313607
-0.000308641
-0.001142376
0.001273537
0.000247263
-0.003729512
0.005848855
0.016688658
0.004309475
0.008350348
0.008350348
0.003839108
0.001316235
0.012947101
-0.001378452
-0.009780903
-0.020748987
-0.009310537
-0.003195776
0.000503013
-0.000095635
-0.000202446
-0.000972136
-0.005440615
-0.008198672
-0.002575657
-0.015403828
-0.004970249
-0.010550503
-0.002190812
0.002213526
-0.002896118
0.001016474
0.001272930
0.009269173
0.000203933
0.001336815
-0.014441902
0.004821733
0.000075311
-0.000779305
-0.004777418
0.005100273
-0.005867813
-0.007214771
-0.015104094
0.007045878
-0.003836686
-0.004413953
-0.001356573
-0.003152147
-0.003451471
0.000268676
0.003389913
0.000097341
-0.000458508
0.000396704
-0.000095034
-0.000736338
-0.000415517
0.000012209
0.000482517
-0.000629228
-0.000394045
-0.000693194
-0.000436519
-0.000521942
-0.000308044
-0.000756970
-0.000243743
-0.000414626
-0.000542861
-0.000713689
-0.000286033
-0.000606613
-0.000072021
-0.000542281
-0.000349735
-0.000649004
-0.000157153
-0.000456398
-0.000584522
-0.000306486
-0.000456037
-0.000413167
-0.000113757
-0.000797789
-0.000070868
-0.000776316
-0.000241731
-0.000562310
-0.000604919
-0.000305455
-0.000219856
-0.000647325
-0.000476154
-0.000689956
-0.000689844
-0.000497285
-0.000304833
-0.000988845
-0.000432810
-0.000603753
-0.000261626
-0.000624939
-0.000539254
-0.000368078
-0.000496256
-0.000645827
-0.000111201
-0.000902100
-0.000004053
-0.000752231
-0.000516892
-0.000516892
-0.000645085
-0.000324234
-0.000452443
-0.000580595
-0.000217042
0.000039639
-0.000152707
-0.000067088
-0.000622903
-0.000900775
-0.001157158
-0.000066660
0.000147177
0.000018960
0.000125823
0.000168564
0.000874099
0.004123902
0.003225930
0.002028635
0.003781818
0.002648663
0.001408606
0.001066432
-0.002482599
0.000360934
-0.000686633
0.000296823
0.000040210
0.002541744
0.005064618
0.004423209
0.004914956
-0.000023890
0.003311434
-0.001413608
-0.004470989
0.003012111
0.015391294
0.000360955
-0.007357327
-0.010714032
0.001900176
-0.009174532
0.003589497
-0.009687658
-0.003209433
-0.000836222
-0.004834335
0.003760539
-0.004449490
0.000917046
0.004102709
0.003846145
0.006989047
-0.048278988
-0.021147407
-0.008233715
-0.004663208
-0.002995546
-0.001220879
0.001430155
0.002670097
-0.002760495
-0.001990637
-0.005497004
0.000874321
0.002606123
-0.004940702
0.003547271
0.000917340
0.002606383
0.001879493
-0.003722141
-0.001648115
-0.005026200
0.000468533
-0.003123355
-0.002353665
-0.006309017
-0.001926059
-0.001861402
0.001965536
-0.001818906
-0.003678643
-0.001519130
-0.002374151
-0.000856151
-0.000941528
-0.001112477
-0.001219276
-0.000748909
-0.000663219
-0.000663257
0.000662301
0.000619540
-0.000898354
-0.000299717
-0.000321070
-0.000256929
-0.001945971
0.001154055
0.000448468
-0.000898415
0.000085078
0.001474741
-0.001026666
-0.001176328
0.000854805
0.001367966
0.000726557
-0.003763121
0.000449000
0.000277934
-0.001047643
0.001218697
0.000384834
-0.005879589
-0.001368349
-0.003720181
-0.004361411
-0.001838538
-0.002094976
-0.000234891
-0.001517708
-0.000405899
-0.000811983
-0.000213268
-0.000576692
-0.000747695
0.000299916
0.000000592
-0.001581405
-0.000619171
-0.001196216
0.000257794
-0.001131776
-0.000041378
-0.000960601
-0.000212137
-0.001024421
0.000066144
-0.001195092
-0.000019060
-0.001023760
-0.000232645
-0.000510475
0.000772371
-0.000018738
0.000088127
-0.001279986
-0.000296347
0.005519048
-0.000232642
0.001584549
0.000494034
-0.000981418
-0.009319728
-0.005407136
0.001733733
-0.002007817
-0.004872775
0.001391648
-0.000639479
0.007805733
0.007035809
-0.003269488
0.000493442
-0.033223263
0.015245838
-0.000190727
0.006586823
0.005304006
0.003101837
0.009815246
-0.001366642
-0.006733094
-0.004060217
-0.000660350
-0.003290060
-0.004508736
-0.009297920
-0.001985863
-0.007352314
-0.003268680
-0.001772060
-0.005000483
-0.002584511
0.001563284
-0.003567984
0.002076411
0.003081284
-0.000596125
0.001563284
0.001648805
0.007635284
0.003337847
0.000237706
0.000708018
0.000558121
0.002354065
-0.000468093
-0.000745896
-0.000767176
-0.000446434
-0.000211233
-0.000809754
-0.000489009
-0.000531641
-0.000574231
-0.000445821
-0.000552581
-0.000552449
-0.000573687
-0.000573603
-0.000530744
-0.000380961
-0.000466375
-0.000722783
-0.000829529
-0.000359028
-0.000529938
-0.000593933
-0.000679349
-0.000444084
-0.000508096
-0.000678978
-0.000614699
-0.000657295
-0.000528877
-0.000507359
-0.000592737
-0.000613966
-0.000720716
-0.000635045
-0.000549388
-0.000463755
-0.000784292
-0.000463464
-0.000570212
-0.000441803
-0.000505818
-0.000377411
-0.000569693
-0.000633685
-0.000569372
-0.000804383
-0.000633199
-0.000547536
-0.000611528
-0.000568621
-0.000504331
-0.000461432
-0.000803332
-0.000696282
-0.000503695
-0.000418045
-0.000460666
-0.000631562
-0.000524544
-0.000567158
-0.000481507
-0.000566881
-0.000459851
-0.000587999
-0.000502350
-0.000502226
-0.000566228
-0.000309536
-0.000523198
-0.000352026
-0.000565693
-0.000651061
-0.000629527
-0.000650754
-0.000543728
-0.000479470
-0.000479333
-0.000692978
-0.000735591
-0.000543044
-0.000628415
-0.000500006
-0.000521244
-0.000713501
-0.000563707
-0.000542194
-0.000584798
-0.000606020
-0.000584516
-0.000755400
-0.000541457
-0.000605442
-0.000498391
-0.000519637
-0.000412619
-0.000540784
-0.000583381
-0.000626007
-0.000454829
-0.000561583
-0.000540062
-0.000539913
-0.000668042
-0.000689265
-0.000624986
-0.000539313
-0.000560548
-0.000581800
-0.000453373
-0.000538753
-0.000752393
-0.000688083
-0.000581026
-0.000645000
-0.000388307
-0.000601969
-0.000580451
-0.000580310
-0.000494669
-0.000558646
-0.000430240
-0.000344608
-0.000301727
-0.000600892
-0.000536593
-0.000579212
-0.000536292
-0.000493392
-0.000429114
-0.000600029
-0.000578501
-0.000621123
-0.000556838
-0.000620829
-0.000492420
-0.000492297
-0.000620430
-0.000663050
-0.000556010
-0.000555866
-0.000470216
-0.000470074
-0.000640967
-0.000704955
-0.000512370
-0.000683247
-0.000661723
-0.000554669
-0.000682795
-0.000490232
-0.000746642
-0.000511312
-0.000468415
-0.000553797
-0.000575018
-0.000553499
-0.000788534
-0.000574576
-0.000510272
-0.000595638
-0.000509991
-0.000595364
-0.000680717
-0.000466784
-0.000723190
-0.000509234
-0.000487729
-0.000680003
-0.000530177
-0.000594193
-0.000444394
-0.000551151
-0.000529636
-0.000529479
-0.000614861
-0.000529197
-0.000571832
-0.000571695
-0.000721220
-0.000742404
-0.000763624
-0.000613804
-0.000421243
-0.000677662
-0.000420984
-0.000356708
-0.000613153
-0.000741260
-0.000441825
-0.000634094
-0.000420168
-0.000569688
-0.000484012
-0.000548017
-0.000697523
-0.000633228
-0.000675823
-0.000654300
-0.000483098
-0.000418817
-0.000418697
-0.000504084
-0.000482562
-0.000610686
-0.000674670
-0.000567625
-0.000396442
-0.000545979
-0.000716865
-0.000353290
-0.000631076
-0.000673667
-0.000566623
-0.000780286
-0.000566341
-0.000673101
-0.000715694
-0.000501748
-0.000672646
-0.000480113
-0.000586879
-0.000715002
-0.000672106
-0.000415424
-0.000607700
-0.000436517
-0.000372265
-0.000500388
-0.000543010
-0.000649763
-0.000585477
-0.000734989
-0.000713440
-0.000499508
-0.000691775
-0.000584709
-0.000691443
-0.000691294
-0.000648380
-0.000541328
-0.000519815
-0.000391404
-0.000711952
-0.000647659
-0.000561998
-0.000497708
-0.000604457
-0.000689813
-0.000604127
-0.000646717
-0.000603799
-0.000625036
-0.000582136
-0.000667511
-0.000667357
-0.000645815
-0.000560149
-0.000666890
-0.000581240
-0.000581115
-0.000516830
-0.000773207
-0.000644752
-0.000559088
-0.000537572
-0.000537451
-0.000644206
-0.000601278
-0.000579768
-0.000494124
-0.000536738
-0.000600742
-0.000450945
-0.000536309
-0.000600313
-0.000642928
-0.000621418
-0.000749541
-0.000856287
-0.000471313
-0.000684982
-0.000385520
-0.000449540
-0.000663176
-0.000705782
-0.000620111
-0.000555830
-0.000448807
-0.000555574
-0.000640942
-0.000512517
-0.000662015
-0.000640481
-0.000640321
-0.000469130
-0.000661409
-0.000490214
-0.000490089
-0.000639588
-0.000618061
-0.000575143
-0.000639131
-0.000681740
-0.000681573
-0.000446256
-0.000595771
-0.000745269
-0.000488555
-0.000531162
-0.000637905
-0.000423953
-0.000701742
-0.000637445
-0.000680054
-0.000637133
-0.000743856
-0.000551273
-0.000593896
-0.000636505
-0.000636348
-0.000614802
-0.000593290
-0.000742770
-0.000657096
-0.000528674
-0.000592660
-0.000592498
-0.000741989
-0.000613569
-0.000784458
-0.000570501
-0.000741374
-0.000591534
-0.000484489
-0.000591250
-0.000484193
-0.000505440
-0.000719082
-0.000569287
-0.000633270
-0.000739992
-0.000611579
-0.000761075
-0.000632633
-0.000504214
-0.000632341
-0.000568068
-0.000696203
-0.000631901
-0.000546233
-0.000695722
-0.000588657
-0.000524368
-0.000631134
-0.000716480
-0.000566669
-0.000545137
-0.000694635
-0.000651706
-0.000544659
-0.000758297
-0.000715372
-0.000544189
-0.000586798
-0.000608007
-0.000522342
-0.000586351
-0.000500678
-0.000543291
-0.000714170
-0.000585740
-0.000457334
-0.000649606
-0.000649460
-0.000670678
-0.000563628
-0.000777268
-0.000606055
-0.000798304
-0.000669839
-0.000691050
-0.000648117
-0.000712093
-0.000498139
-0.000711768
-0.000690225
-0.000690051
-0.000711250
-0.000646948
-0.000732293
-0.000603846
-0.000625055
-0.000689045
-0.000603388
-0.000667370
-0.000496186
-0.000688453
-0.000538654
-0.000581264
-0.000688019
-0.000645119
-0.000580806
-0.000537874
-0.000751522
-0.000558951
-0.000601554
-0.000473123
-0.000708137
-0.000686583
-0.000579523
-0.000707639
-0.000557817
-0.000621799
-0.000643008
-0.000578716
-0.000706832
-0.000535633
-0.000685137
-0.000535340
-0.000599337
-0.000599207
-0.000577679
-0.000748542
-0.000598727
-0.000641333
-0.000598413
-0.000662405
-0.000662241
-0.000533809
-0.000555029
-0.000619011
-0.000576101
-0.000490429
-0.000533032
-0.000639769
-0.000554095
-0.000639459
-0.000404136
-0.000575039
-0.000596279
-0.000531986
-0.000574588
-0.000681334
-0.000531523
-0.000488629
-0.000659476
-0.000509671
-0.000723302
-0.000894155
-0.000573283
-0.000615902
-0.000679872
-0.000508682
-0.000572673
-0.000679421
-0.000615139
-0.000508095
-0.000764495
-0.000529158
-0.000657303
-0.000699894
-0.000528706
-0.000614080
-0.000742180
-0.000677906
-0.000677756
-0.000656219
-0.000570554
-0.000613146
-0.000612986
-0.000570060
-0.000655404
-0.000740769
-0.000633702
-0.000783206
-0.000654761
-0.000611844
-0.000718581
-0.000697025
-0.000589964
-0.000504301
-0.000760712
-0.000781922
-0.000546580
-0.000760213
-0.000567602
-0.000481916
-0.000674189
-0.000460259
-0.000545628
-0.000609624
-0.000502569
-0.000566563
-0.000758820
-0.000502128
-0.000673006
-0.000736977
-0.000608554
-0.000758057
-0.000693749
-0.000672226
-0.000501040
-0.000522267
-0.000586252
-0.000714376
-0.000756958
-0.000778176
-0.000778007
-0.000585422
-0.000628048
-0.000499615
-0.000627740
-0.000713096
-0.000691567
-0.000712775
-0.000584345
-0.000605575
-0.000584049
-0.000519748
-0.000583746
-0.000562204
-0.000497922
-0.000668828
-0.000326614
-0.000647150
-0.000475962
-0.000732355
-0.000539775
-0.000667888
-0.000518074
-0.000560684
-0.000539152
-0.000710008
-0.000709854
-0.000495890
-0.000602647
-0.000709393
-0.000580957
-0.000623555
-0.000687532
-0.000665991
-0.000473411
-0.000644304
-0.000729650
-0.000729484
-0.000536915
-0.000622280
-0.000622121
-0.000600598
-0.000536327
-0.000514812
-0.000642937
-0.000706907
-0.000642604
-0.000642467
-0.000663696
-0.000663547
-0.000535121
-0.000556367
-0.000534844
-0.000833988
-0.000705541
-0.000512993
-0.000683874
-0.000747855
-0.000640792
-0.000597864
-0.000619085
-0.000512053
-0.000576043
-0.000511759
-0.000490267
-0.000618416
-0.000489986
-0.000489848
-0.000468314
-0.000660571
-0.000617669
-0.000660253
-0.000638733
-0.000724079
-0.000595654
-0.000509986
-0.000445713
-0.000616604
-0.000659191
-0.000509390
-0.000487850
-0.000573236
-0.000551711
-0.000637081
-0.000701063
-0.000743643
-0.000786234
-0.000550885
-0.000550741
-0.000550577
-0.000657311
-0.000614404
-0.000678387
-0.000571339
-0.000699466
-0.000656551
-0.000463988
-0.000570722
-0.000549203
-0.000784202
-0.000527496
-0.000676998
-0.000569917
-0.000612523
-0.000590969
-0.000612198
-0.000398268
-0.000654679
-0.000697262
-0.000632971
-0.000461778
-0.000675423
-0.000546982
-0.000568217
-0.000632213
-0.000546545
-0.000567773
-0.000653106
-0.000524676
-0.000545892
-0.000502986
-0.000545613
-0.000716503
-0.000481170
-0.000545163
-0.000566400
-0.000587647
-0.000694369
-0.000822490
-0.000458878
-0.000629757
-0.000608206
-0.000522542
-0.000736186
-0.000586367
-0.000628976
-0.000479179
-0.000628674
-0.000649903
-0.000820758
-0.000649552
-0.000585263
-0.000756115
-0.000499413
-0.000691674
-0.000627389
-0.000776878
-0.000712580
-0.000605516
-0.000626744
-0.000669339
-0.000733308
-0.000540718
-0.000626085
-0.000690066
-0.000732676
-0.000540109
-0.000561340
-0.000710837
-0.000454138
-0.000496746
-0.000560751
-0.000624733
-0.000603198
-0.000581673
-0.000474618
-0.000431736
-0.000645383
-0.000495584
-0.000580958
-0.000559410
-0.000708920
-0.000409434
-0.000751350
-0.000622910
-0.000665517
-0.000537102
-0.000622466
-0.000536811
-0.000493917
-0.000643442
-0.000493627
-0.000557620
-0.000514717
-0.000557339
-0.000535823
-0.000578447
-0.000706574
-0.000620922
-0.000620762
-0.000406829
-0.000877019
-0.000663046
-0.000598768
-0.000619997
-0.000726735
-0.000769316
-0.000555363
-0.000597964
-0.000576424
-0.000661783
-0.000683002
-0.000682857
-0.000490295
-0.000618419
-0.000383105
-0.000639514
-0.000489727
-0.000639240
-0.000425305
-0.000596193
-0.000617416
-0.000745514
-0.000574303
-0.000809298
-0.000573971
-0.000509691
-0.000701976
-0.000616296
-0.000594782
-0.000658764
-0.000615850
-0.000701203
-0.000615541
-0.000487106
-0.000529690
-0.000636456
-0.000871462
-0.000764365
-0.000550414
-0.000550266
-0.000571510
-0.000678238
-0.000742205
-0.000570999
-0.000677729
-0.000720312
-0.000698761
-0.000677201
-0.000655648
-0.000463075
-0.000462933
-0.000569678
-0.000484013
-0.000783183
-0.000654729
-0.000761442
-0.000568860
-0.000868015
-0.000696815
-0.000611140
-0.000568240
-0.000610848
-0.000439664
-0.000696070
-0.000631763
-0.000481970
-0.000738362
-0.000588555
-0.000695283
-0.000759260
-0.000523939
-0.000630671
-0.000587756
-0.000523457
-0.000608812
-0.000608660
-0.000608499
-0.000544178
-0.000437154
-0.000779064
-0.000565099
-0.000778725
-0.000714410
-0.000500448
-0.000543065
-0.000607020
-0.000713754
-0.000499811
-0.000627941
-0.000542280
-0.000499379
-0.000520621
-0.000627373
-0.000841003
-0.000605666
-0.000648265
-0.000648105
-0.000498287
-0.000562275
-0.000433857
-0.000711635
-0.000625962
-0.000540305
-0.000518765
-0.000326222
-0.000561273
-0.000582513
-0.000603752
-0.000389815
-0.000517954
-0.000688826
-0.000624531
-0.000667138
-0.000431808
-0.000559956
-0.000517043
-0.000538277
-0.000987063
-0.000879918
-0.000901073
-0.001734702
-0.000451735
-0.000408841
-0.000622481
-0.000643734
-0.000707690
-0.000600645
-0.000557738
-0.000536187
-0.000707058
-0.000664141
-0.000407444
-0.000663840
-0.000578162
-0.000599406
-0.000748895
-0.000513558
-0.000641688
-0.000534643
-0.000513105
-0.000384686
-0.000470098
-0.000662334
-0.000576660
-0.000555121
-0.000683233
-0.000597586
-0.000661568
-0.000511767
-0.000661257
-0.000532824
-0.000596817
-0.000703570
-0.000617888
-0.000468112
-0.000660369
-0.000553337
-0.000531807
-0.000574410
-0.000681125
-0.000616823
-0.000851853
-0.000616511
-0.000616341
-0.000573429
-0.000616025
-0.000722762
-0.000594347
-0.000444544
-0.000508555
-0.000722163
-0.000657834
-0.000572158
-0.000550628
-0.000742883
-0.000699959
-0.000486005
-0.000763763
-0.000635330
-0.000464192
-0.000549615
-0.000592244
-0.000463850
-0.000613351
-0.000591820
0.000071029
-0.000826873
-0.000548791
-0.000463231
-0.000548609
-0.000505702
-0.000740747
-0.000612319
-0.000633541
-0.000761643
-0.000611838
-0.000611678
-0.000440509
-0.000568658
-0.000718144
-0.000611078
-0.000589554
-0.000610793
-0.000610642
-0.000717376
-0.000824105
-0.000717045
-0.000716869
-0.000652580
-0.000695167
-0.000716383
-0.000673454
-0.000758813
-0.000630372
-0.000608841
-0.000523184
-0.000394774
-0.000629804
-0.000715164
-0.000501235
-0.000693503
-0.000586439
-0.000522161
-0.000628918
-0.000628783
-0.000756899
-0.000607081
-0.000628306
-0.000670901
-0.000563839
-0.000606469
-0.000734601
-0.000606161
-0.000477746
-0.000605881
-0.000584341
-0.000712469
-0.000519918
-0.000370110
-0.000476877
-0.000647771
-0.000733134
-0.000797097
-0.000690030
-0.000604355
-0.000817984
-0.000625402
-0.000689439
-0.000646574
-0.000646418
-0.000560734
-0.000688853
-0.000603192
-0.000517529
-0.000431891
-0.000517281
-0.000624020
-0.000538352
-0.000538222
-0.000602209
-0.000537918
-0.000495020
-0.000644536
-0.000558869
-0.000473185
-0.000579940
-0.000472905
-0.000515556
-0.000494053
-0.000536671
-0.000622051
-0.000728799
-0.000450719
-0.000728486
-0.000621431
-0.000428865
-0.000770794
-0.000535469
-0.000770494
-0.000663429
-0.000620503
-0.000641721
-0.000427793
-0.000876780
-0.000342086
-0.001368031
-0.000277381
-0.000405629
-0.000469641
-0.001538527
0.000193346
-0.000533450
0.000236241
-0.000105835
-0.002628488
-0.000148154
-0.001901177
-0.001473356
0.000001978
-0.001109779
0.000194418
0.002931094
0.000515122
-0.000190411
-0.005727827
0.000664822
-0.002264277
0.001156766
0.002482284
0.003978903
-0.001173745
-0.002028956
-0.000254393
0.001113945
0.010713692
-0.003589717
0.025059863
0.002332622
0.002076058
0.005967270
-0.000190252
0.004149946
-0.002948308
-0.004786610
-0.007031162
-0.005042795
0.020250080
-0.001450907
-0.002968907
-0.004957274
-0.000039805
-0.001536196
-0.001151254
-0.006710127
-0.001899404
-0.003117703
-0.003224605
0.000623846
-0.001043763
-0.002668298
0.000795465
-0.000658394
0.000218243
-0.001385067
0.000261270
-0.000914553
-0.000550994
-0.000272983
-0.000251542
-0.000315569
-0.000892673
-0.000657335
-0.000400600
-0.000635730
-0.001041820
-0.000806394
-0.000613808
-0.000805984
-0.001126388
-0.000527633
0.000242190
0.000007032
0.001011915
-0.000420668
-0.001489531
0.000755399
-0.001446649
-0.001574931
0.000648850
-0.002429707
0.001290709
-0.000077629
-0.000740433
0.000414113
-0.000740409
0.000456895
0.000221712
0.000414135
-0.000056289
-0.000141766
0.000627866
0.000242966
-0.001317649
-0.000034759
0.000179044
-0.000120271
0.000799081
-0.001210617
-0.000184297
-0.000804325
-0.001146409
-0.000227057
-0.001039508
-0.001210574
0.000264606
0.000521074
-0.000783049
0.000521104
-0.000932849
-0.000954040
-0.000120209
-0.000868519
-0.001402837
-0.001702161
-0.001338513
-0.000290854
-0.000932151
-0.001167124
-0.001316786
-0.000867616
-0.000204688
-0.000739133
-0.001401804
-0.000631990
-0.000931314
-0.001123642
-0.001807806
-0.001807706
-0.000482129
-0.000717199
0.002147777
0.001142904
0.001998115
0.001741552
-0.001294448
0.000159411
-0.001166167
0.001036003
0.008775665
0.001527749
-0.003004871
-0.001080243
-0.002747905
-0.002598024
-0.001507503
0.005847324
0.001614028
-0.003388959
-0.001571502
-0.002597756
0.000395450
0.005868730
-0.003773778
-0.000139129
-0.001122622
0.001678195
-0.002640622
0.001015406
0.000972645
-0.002234209
-0.000053420
0.000416946
-0.002148688
-0.001015533
-0.000609308
0.003795031
-0.000502406
0.000545228
-0.000053420
0.000545228
0.004158495
0.003260523
0.003003960
0.000010720
0.002383932
0.001036811
-0.002319893
-0.000994316
0.000908530
-0.001186738
-0.001785236
-0.003431425
0.007943120
0.001144094
-0.000801472
-0.002169549
0.002961719
-0.000972172
-0.001891265
-0.001420426
-0.001099629
-0.000308367
0.000140598
-0.000180112
-0.000351108
-0.000928266
-0.000564754
-0.000564624
-0.000778230
-0.000607044
-0.000906172
-0.000606690
-0.000948583
-0.001034030
-0.000157377
-0.000755880
-0.000413668
-0.000627255
-0.000605749
-0.000477305
-0.000712282
-0.000498450
-0.000776328
-0.000647924
-0.000262961
-0.000797276
-0.000390893
-0.000861074
-0.000411909
-0.000924851
-0.000497059
-0.000667990
-0.000924476
-0.000603638
-0.000475224
-0.000475104
-0.000282587
-0.000474864
-0.000367823
-0.000560152
-0.000923366
-0.000773543
-0.000623711
-0.000623552
-0.000815814
-0.000858399
-0.000623046
-0.000644268
-0.000601359
-0.000601197
-0.000729307
-0.000493973
-0.000643481
-0.000963986
-0.000685856
-0.000642921
-0.000621392
-0.000621221
-0.000578312
-0.000578150
-0.000535237
-0.000620607
-0.000556320
-0.000684439
-0.000748394
-0.000748191
-0.000705267
-0.000811996
-0.000811820
-0.000512335
-0.000405310
-0.000768615
-0.000640177
-0.000490381
-0.000404714
-0.000661125
-0.000554065
-0.000767692
-0.000553729
-0.000767344
-0.000660273
-0.000510448
-0.000531658
-0.000595642
-0.000595479
-0.000638070
-0.000680655
-0.000744626
-0.000701703
-0.000658774
-0.000765501
-0.000359144
-0.000786573
-0.000636740
-0.000615191
-0.000508151
-0.000593523
-0.000593366
-0.000657352
-0.000528935
-0.000635683
-0.000592788
-0.000763675
-0.000400079
-0.000742012
-0.000506687
-0.000613432
-0.000570520
-0.000762774
-0.000570200
-0.000805220
-0.000634124
-0.000569822
-0.000655182
-0.000462597
-0.000590748
-0.000718854
-0.000782826
-0.000547485
-0.000675607
-0.000654071
-0.000611162
-0.000504110
-0.000610874
-0.000589345
-0.000503698
0.000715132
-0.000845477
-0.003304155
-0.002235140
-0.002021168
-0.000588639
-0.000823523
0.027911578
0.001720731
0.071377693
0.002682844
0.008134816
-0.027057130
0.038751383
-0.002640847
-0.019125046
0.021604396
0.012560534
0.030006847
0.013244704
0.006745097
0.015660676
0.012175690
0.015040648
-0.008392143
-0.006681721
0.002362139
0.008476900
0.000074449
-0.014677947
0.009246591
0.006253351
0.005248478
0.008220337
0.002276618
-0.002982931
-0.022845214
0.002661463
0.012154310
0.022267184
-0.010765354
-0.045444173
-0.025752934
-0.036849300
-0.049848512
-0.022374849
0.014826846
0.105378004
-0.000004880
0.000017767
0.000076793
-0.000071382
-0.000107759
0.000002328
-0.000080805
-0.000013407
-0.000154637
-0.000234551
-0.000204710
-0.000197705
-0.000146934
-0.000037023
-0.000120325
-0.000111545
-0.000213923
-0.000120664
0.000027165
-0.000136049
-0.000109325
-0.000042932
-0.000040486
-0.000062279
-0.000057808
-0.000114160
0.000039689
-0.000067731
-0.000041610
-0.000270100
-0.000258488
-0.000236545
-0.000127826
-0.000177490
-0.000049613
-0.000067103
-0.000003492
-0.000084582
0.000104601
0.000038084
0.000017983
-0.000150711
-0.000126434
0.000107579
-0.000039667
0.000022548
0.000145095
-0.000172485
-0.000774913
-0.000152548
0.000529531
-0.000127022
0.000074021
0.000328608
-0.000346889
0.000030828
0.000009303
0.000055435
0.000134597
0.000049440
-0.000180691
0.000075914
0.000254249
-0.000466356
-0.000340496
0.000107986
-0.000036377
0.000091876
-0.000100460
-0.000054115
0.000073316
0.000070364
0.000047574
0.000130700
0.000149080
0.000021510
0.000083507
0.000146993
-0.000151402
0.000040729
-0.000109137
-0.000161837
-0.000283760
-0.000046151
0.000100128
0.000251754
0.000084064
-0.000130073
-0.000065855
0.000124832
-0.000024970
-0.000024451
-0.000084529
0.000024443
0.000332910
-0.000094504
-0.000294088
-0.000264493
0.000139204
0.000029665
0.000201602
-0.000202845
-0.000116065
0.000871374
0.000000575
-0.000831830
-0.000095855
-0.000114944
0.000078871
-0.001292850
-0.000114451
0.000284987
0.000068014
-0.000020531
-0.000021280
0.000007532
-0.000492982
0.000035621
-0.000051770
0.000055224
-0.000009205
-0.000007695
0.000099528
0.000093917
-0.000522091
-0.000197854
-0.000129174
0.000019137
0.000019919
-0.000088629
-0.000005026
0.000142706
-0.000031447
-0.000032320
-0.000010762
-0.000116717
-0.000115841
0.000016711
-0.000067495
0.001158988
-0.000017070
-0.000454478
-0.000017000
-0.000013737
-0.000613526
-0.000138853
-0.000177526
0.000015542
-0.000069342
0.000184598
-0.000105583
0.000042936
-0.000231758
0.000106587
-0.000065110
-0.000065756
-0.000002224
0.000019602
-0.000147777
-0.000035705
-0.000200360
-0.000110864
-0.000065799
0.000204064
0.000055532
-0.000075437
-0.000090281
0.000162950
0.000075362
-0.000034180
0.000091839
0.000069420
-0.000058374
-0.000077567
-0.000076195
-0.000094834
0.000074880
0.000080371
-0.000112090
0.001171174
0.000034768
0.000143772
-0.000090382
-0.000082374
0.000114183
0.000004919
0.000167914
0.000452263
0.000141368
-0.000111179
0.000162359
-0.000010013
-0.000072957
0.000200070
-0.000220129
-0.000026746
-0.001522197
-0.001034153
0.000093582
-0.000068080
0.000120292
-0.000073148
-0.000137848
0.000096349
-0.000093225
-0.000108223
0.000086714
0.000021825
-0.000149195
-0.000106426
0.000021840
-0.000063644
-0.000213274
-0.000127735
0.000107436
0.000150158
-0.000085032
-0.000042237
-0.000234621
-0.000127692
0.000043361
0.000043343
-0.000362840
-0.000042127
-0.000127637
0.000064787
0.000214431
0.000150277
0.000299933
-0.000747541
0.000064905
0.000470993
0.000086099
-0.000320088
-0.000191789
-0.000298658
-0.000148967
-0.000042055
-0.000213046
-0.000020604
0.000278688
0.000043517
0.000107638
-0.000084763
-0.000277116
0.000620811
0.000064864
0.000086253
-0.000790317
-0.000234444
0.000214529
-0.000084779
-0.000127504
-0.000106115
-0.000148866
-0.000341260
0.000214613
0.000000835
0.000620850
0.000107745
-0.000191524
-0.000341136
-0.000148710
-0.000383863
-0.000127344
